UNITS=MM
#Layer_Color=32768
#
#Feature symbol names
#
$0 r99.9998
$1 r152.4

#
#Feature attribute names
#

#
#Layer features
#
L 5.42999676 70.1499994 5.42999676 72.54999968 0 P 0
L 5.42999676 70.1499994 6.5299971 70.1499994 0 P 0
L 5.42999676 72.54999968 6.5299971 72.54999968 0 P 0
L 5.50499788 71.34999954 6.45499852 71.34999954 0 P 0
L 5.9799982 70.87500176 5.9799982 71.82499986 0 P 0
L 6.5299971 70.1499994 6.5299971 72.54999968 0 P 0
L 7.46999776 70.1499994 7.46999776 72.54999968 0 P 0
L 7.46999776 70.1499994 8.5699981 70.1499994 0 P 0
L 7.46999776 72.54999968 8.5699981 72.54999968 0 P 0
L 7.4700003 73.79999718 7.4700003 76.19999746 0 P 0
L 7.4700003 73.79999718 8.57000064 73.79999718 0 P 0
L 7.4700003 76.19999746 8.57000064 76.19999746 0 P 0
L 7.54499888 71.34999954 8.49499952 71.34999954 0 P 0
L 7.54499888 74.99999732 8.49499952 74.99999732 0 P 0
L 8.0199992 70.87500176 8.0199992 71.82499986 0 P 0
L 8.0199992 74.524997 8.0199992 75.4749951 0 P 0
L 8.5699981 70.1499994 8.5699981 72.54999968 0 P 0
L 8.57000064 73.79999718 8.57000064 76.19999746 0 P 0
L 10.00999522 62.59999672 10.00999522 64.999997 0 P 0
L 10.00999522 62.59999672 11.10999556 62.59999672 0 P 0
L 10.00999522 64.999997 11.10999556 64.999997 0 P 0
L 10.00999776 70.1499994 10.00999776 72.54999968 0 P 0
L 10.00999776 70.1499994 11.1099981 70.1499994 0 P 0
L 10.00999776 72.54999968 11.1099981 72.54999968 0 P 0
L 10.0100003 73.79999718 10.0100003 76.19999746 0 P 0
L 10.0100003 73.79999718 11.11000064 73.79999718 0 P 0
L 10.0100003 76.19999746 11.11000064 76.19999746 0 P 0
L 10.0849938 63.79999686 11.03499444 63.79999686 0 P 0
L 10.08499888 71.34999954 11.03499952 71.34999954 0 P 0
L 10.08499888 74.99999732 11.03499952 74.99999732 0 P 0
L 10.55999412 63.32499654 10.55999412 64.27499464 0 P 0
L 10.5599992 70.87500176 10.5599992 71.82499986 0 P 0
L 10.5599992 74.524997 10.5599992 75.4749951 0 P 0
L 11.10999556 62.59999672 11.10999556 64.999997 0 P 0
L 11.1099981 70.1499994 11.1099981 72.54999968 0 P 0
L 11.11000064 73.79999718 11.11000064 76.19999746 0 P 0
L 12.54999776 70.1499994 12.54999776 72.54999968 0 P 0
L 12.54999776 70.1499994 13.6499981 70.1499994 0 P 0
L 12.54999776 72.54999968 13.6499981 72.54999968 0 P 0
L 12.5500003 73.79999718 12.5500003 76.19999746 0 P 0
L 12.5500003 73.79999718 13.65000064 73.79999718 0 P 0
L 12.5500003 76.19999746 13.65000064 76.19999746 0 P 0
L 12.62499888 71.34999954 13.57499952 71.34999954 0 P 0
L 12.62499888 74.99999732 13.57499952 74.99999732 0 P 0
L 13.0999992 70.87500176 13.0999992 71.82499986 0 P 0
L 13.0999992 74.524997 13.0999992 75.4749951 0 P 0
L 13.6499981 70.1499994 13.6499981 72.54999968 0 P 0
L 13.65000064 73.79999718 13.65000064 76.19999746 0 P 0
L 14.68999856 28.718002 14.68999856 31.11799974 0 P 0
L 14.68999856 28.718002 15.7899989 28.718002 0 P 0
L 14.68999856 31.11799974 15.7899989 31.11799974 0 P 0
L 14.76499714 29.91800214 15.71499778 29.91800214 0 P 0
L 14.90998542 62.59999418 14.90998542 64.99999446 0 P 0
L 14.90998542 62.59999418 16.00998576 62.59999418 0 P 0
L 14.90998542 64.99999446 16.00998576 64.99999446 0 P 0
L 14.98498654 63.79999432 15.93498718 63.79999432 0 P 0
L 15.08999776 70.1499994 15.08999776 72.54999968 0 P 0
L 15.08999776 70.1499994 16.1899981 70.1499994 0 P 0
L 15.08999776 72.54999968 16.1899981 72.54999968 0 P 0
L 15.0900003 73.79999718 15.0900003 76.19999746 0 P 0
L 15.0900003 73.79999718 16.19000064 73.79999718 0 P 0
L 15.0900003 76.19999746 16.19000064 76.19999746 0 P 0
L 15.16499888 71.34999954 16.11499952 71.34999954 0 P 0
L 15.16499888 74.99999732 16.11499952 74.99999732 0 P 0
L 15.23999746 29.44300182 15.23999746 30.39299992 0 P 0
L 15.45998686 63.32499654 15.45998686 64.27499464 0 P 0
L 15.6399992 70.87500176 15.6399992 71.82499986 0 P 0
L 15.6399992 74.524997 15.6399992 75.4749951 0 P 0
L 15.7899989 28.718002 15.7899989 31.11799974 0 P 0
L 16.00998576 62.59999418 16.00998576 64.99999446 0 P 0
L 16.1899981 70.1499994 16.1899981 72.54999968 0 P 0
L 16.19000064 73.79999718 16.19000064 76.19999746 0 P 0
L 16.40998242 62.59999672 16.40998242 64.999997 0 P 0
L 16.40998242 62.59999672 17.50998276 62.59999672 0 P 0
L 16.40998242 64.999997 17.50998276 64.999997 0 P 0
L 16.484981 63.79999686 17.43498164 63.79999686 0 P 0
L 16.95998132 63.32499654 16.95998132 64.27499464 0 P 0
L 17.50998276 62.59999672 17.50998276 64.999997 0 P 0
L 17.6300003 73.79999718 17.6300003 76.19999746 0 P 0
L 17.6300003 73.79999718 18.73000064 73.79999718 0 P 0
L 17.6300003 76.19999746 18.73000064 76.19999746 0 P 0
L 17.70499888 74.99999732 18.65499952 74.99999732 0 P 0
L 17.90997434 62.59999418 17.90997434 64.99999446 0 P 0
L 17.90997434 62.59999418 19.00997468 62.59999418 0 P 0
L 17.90997434 64.99999446 19.00997468 64.99999446 0 P 0
L 17.98497546 63.79999432 18.9349761 63.79999432 0 P 0
L 18.1799992 74.524997 18.1799992 75.4749951 0 P 0
L 18.45997578 63.32499654 18.45997578 64.27499464 0 P 0
L 18.73000064 73.79999718 18.73000064 76.19999746 0 P 0
L 19.00997468 62.59999418 19.00997468 64.99999446 0 P 0
L 20.05000054 12.9999994 20.05000054 25.0000008 0 P 0
L 20.05000054 12.9999994 32.95000014 12.9999994 0 P 0
L 20.05000054 25.0000008 32.95000014 25.0000008 0 P 0
L 21.09999844 27.00000188 21.09999844 28.10000222 0 P 0
L 21.09999844 27.00000188 23.49999872 27.00000188 0 P 0
L 21.09999844 28.10000222 23.49999872 28.10000222 0 P 0
L 21.8250008 27.55000078 22.7749989 27.55000078 0 P 0
L 22.29999858 27.07500046 22.29999858 28.0250011 0 P 0
L 23.49999872 27.00000188 23.49999872 28.10000222 0 P 0
L 25.3149989 30.34999772 25.3149989 32.749998 0 P 0
L 25.3149989 30.34999772 26.41499924 30.34999772 0 P 0
L 25.3149989 32.749998 26.41499924 32.749998 0 P 0
L 25.3149989 33.09100062 25.3149989 35.49099836 0 P 0
L 25.3149989 33.09100062 26.41499924 33.09100062 0 P 0
L 25.3149989 35.49099836 26.41499924 35.49099836 0 P 0
L 25.31500144 2.50900184 25.31500144 4.90899958 0 P 0
L 25.31500144 2.50900184 26.41500178 2.50900184 0 P 0
L 25.31500144 4.90899958 26.41500178 4.90899958 0 P 0
L 25.31500144 5.2500022 25.31500144 7.65000248 0 P 0
L 25.31500144 5.2500022 26.41500178 5.2500022 0 P 0
L 25.31500144 7.65000248 26.41500178 7.65000248 0 P 0
L 25.39000002 3.70900198 26.34000066 3.70900198 0 P 0
L 25.39000002 6.45000234 26.34000066 6.45000234 0 P 0
L 25.39000002 31.54999786 26.34000066 31.54999786 0 P 0
L 25.39000002 34.29099822 26.34000066 34.29099822 0 P 0
L 25.86500034 3.23400166 25.86500034 4.18399976 0 P 0
L 25.86500034 5.97500202 25.86500034 6.92500012 0 P 0
L 25.86500034 31.07500008 25.86500034 32.02499818 0 P 0
L 25.86500034 33.81600044 25.86500034 34.76599854 0 P 0
L 26.41499924 30.34999772 26.41499924 32.749998 0 P 0
L 26.41499924 33.09100062 26.41499924 35.49099836 0 P 0
L 26.41500178 2.50900184 26.41500178 4.90899958 0 P 0
L 26.41500178 5.2500022 26.41500178 7.65000248 0 P 0
L 30.07500462 70.75000836 30.07500462 71.8500087 0 P 0
L 30.07500462 70.75000836 32.4750049 70.75000836 0 P 0
L 30.07500462 71.8500087 32.4750049 71.8500087 0 P 0
L 30.07810596 73.74999728 30.07810596 74.84999762 0 P 0
L 30.07810596 73.74999728 32.47810624 73.74999728 0 P 0
L 30.07810596 74.84999762 32.47810624 74.84999762 0 P 0
L 30.08120476 67.75001944 30.08120476 68.85001978 0 P 0
L 30.08120476 67.75001944 32.48120504 67.75001944 0 P 0
L 30.08120476 68.85001978 32.48120504 68.85001978 0 P 0
L 30.0812073 69.25001136 30.0812073 70.3500117 0 P 0
L 30.0812073 69.25001136 32.48120758 69.25001136 0 P 0
L 30.0812073 70.3500117 32.48120758 70.3500117 0 P 0
L 30.1281084 72.25000028 30.1281084 73.35000062 0 P 0
L 30.1281084 72.25000028 32.52810614 72.25000028 0 P 0
L 30.1281084 73.35000062 32.52810614 73.35000062 0 P 0
L 30.65109186 47.45950884 30.65109186 48.55950918 0 P 0
L 30.65109186 47.45950884 33.0510896 47.45950884 0 P 0
L 30.65109186 48.55950918 33.0510896 48.55950918 0 P 0
L 30.65109186 49.05448152 30.65109186 50.15448186 0 P 0
L 30.65109186 49.05448152 33.0510896 49.05448152 0 P 0
L 30.65109186 50.15448186 33.0510896 50.15448186 0 P 0
L 30.70108922 39.4082778 30.70108922 40.50827814 0 P 0
L 30.70108922 39.4082778 33.1010895 39.4082778 0 P 0
L 30.70108922 40.50827814 33.1010895 40.50827814 0 P 0
L 30.70108922 41.00325048 30.70108922 42.10325082 0 P 0
L 30.70108922 41.00325048 33.1010895 41.00325048 0 P 0
L 30.70108922 42.10325082 33.1010895 42.10325082 0 P 0
L 30.70108922 42.59822316 30.70108922 43.6982235 0 P 0
L 30.70108922 42.59822316 33.1010895 42.59822316 0 P 0
L 30.70108922 43.6982235 33.1010895 43.6982235 0 P 0
L 30.70108922 45.85576808 30.70108922 46.95576842 0 P 0
L 30.70108922 45.85576808 33.1010895 45.85576808 0 P 0
L 30.70108922 46.95576842 33.1010895 46.95576842 0 P 0
L 30.70108922 50.65822228 30.70108922 51.75822262 0 P 0
L 30.70108922 50.65822228 33.1010895 50.65822228 0 P 0
L 30.70108922 51.75822262 33.1010895 51.75822262 0 P 0
L 30.70108922 53.90178704 30.70108922 55.00178738 0 P 0
L 30.70108922 53.90178704 33.1010895 53.90178704 0 P 0
L 30.70108922 55.00178738 33.1010895 55.00178738 0 P 0
L 30.70108922 55.49675972 30.70108922 56.59676006 0 P 0
L 30.70108922 55.49675972 33.1010895 55.49675972 0 P 0
L 30.70108922 56.59676006 33.1010895 56.59676006 0 P 0
L 30.70108922 57.0917324 30.70108922 58.19173274 0 P 0
L 30.70108922 57.0917324 33.1010895 57.0917324 0 P 0
L 30.70108922 58.19173274 33.1010895 58.19173274 0 P 0
L 30.80000698 71.30000726 31.75000508 71.30000726 0 P 0
L 30.80310832 74.29999618 31.75310642 74.29999618 0 P 0
L 30.80620712 68.30001834 31.75620522 68.30001834 0 P 0
L 30.80620712 69.8000128 31.75620522 69.8000128 0 P 0
L 30.85310822 72.80000172 31.80310632 72.80000172 0 P 0
L 31.27500476 70.82500694 31.27500476 71.77500758 0 P 0
L 31.2781061 73.82499586 31.2781061 74.7749965 0 P 0
L 31.2812049 67.82501802 31.2812049 68.77501866 0 P 0
L 31.28120744 69.32501248 31.28120744 70.27501312 0 P 0
L 31.32810854 72.3250014 31.32810854 73.27500204 0 P 0
L 31.37609168 48.00950774 32.32608978 48.00950774 0 P 0
L 31.37609168 49.60448042 32.32608978 49.60448042 0 P 0
L 31.42609158 39.9582767 32.37608968 39.9582767 0 P 0
L 31.42609158 41.55324938 32.37608968 41.55324938 0 P 0
L 31.42609158 43.14822206 32.37608968 43.14822206 0 P 0
L 31.42609158 46.40576698 32.37608968 46.40576698 0 P 0
L 31.42609158 51.20822118 32.37608968 51.20822118 0 P 0
L 31.42609158 54.45178594 32.37608968 54.45178594 0 P 0
L 31.42609158 56.04675862 32.37608968 56.04675862 0 P 0
L 31.42609158 57.6417313 32.37608968 57.6417313 0 P 0
L 31.85108946 47.53450742 31.85108946 48.48450806 0 P 0
L 31.85108946 49.1294801 31.85108946 50.07948074 0 P 0
L 31.90108936 39.48327638 31.90108936 40.43327702 0 P 0
L 31.90108936 41.07824906 31.90108936 42.0282497 0 P 0
L 31.90108936 42.67322174 31.90108936 43.62322238 0 P 0
L 31.90108936 45.93076666 31.90108936 46.8807673 0 P 0
L 31.90108936 50.73322086 31.90108936 51.6832215 0 P 0
L 31.90108936 53.97678562 31.90108936 54.92678626 0 P 0
L 31.90108936 55.5717583 31.90108936 56.52175894 0 P 0
L 31.90108936 57.16673098 31.90108936 58.11673162 0 P 0
L 32.4750049 70.75000836 32.4750049 71.8500087 0 P 0
L 32.47810624 73.74999728 32.47810624 74.84999762 0 P 0
L 32.48120504 67.75001944 32.48120504 68.85001978 0 P 0
L 32.48120758 69.25001136 32.48120758 70.3500117 0 P 0
L 32.52810614 72.25000028 32.52810614 73.35000062 0 P 0
L 32.95000014 12.9999994 32.95000014 25.0000008 0 P 0
L 33.0510896 47.45950884 33.0510896 48.55950918 0 P 0
L 33.0510896 49.05448152 33.0510896 50.15448186 0 P 0
L 33.07499862 69.2500139 33.07499862 70.35001424 0 P 0
L 33.07499862 69.2500139 35.4749989 69.2500139 0 P 0
L 33.07499862 70.35001424 35.4749989 70.35001424 0 P 0
L 33.07499862 73.74999728 33.07499862 74.84999762 0 P 0
L 33.07499862 73.74999728 35.4749989 73.74999728 0 P 0
L 33.07499862 74.84999762 35.4749989 74.84999762 0 P 0
L 33.07500116 70.75000582 33.07500116 71.85000616 0 P 0
L 33.07500116 70.75000582 35.47500144 70.75000582 0 P 0
L 33.07500116 71.85000616 35.47500144 71.85000616 0 P 0
L 33.07500116 72.25000028 33.07500116 73.35000062 0 P 0
L 33.07500116 72.25000028 35.47500144 72.25000028 0 P 0
L 33.07500116 73.35000062 35.47500144 73.35000062 0 P 0
L 33.1010895 39.4082778 33.1010895 40.50827814 0 P 0
L 33.1010895 41.00325048 33.1010895 42.10325082 0 P 0
L 33.1010895 42.59822316 33.1010895 43.6982235 0 P 0
L 33.1010895 45.85576808 33.1010895 46.95576842 0 P 0
L 33.1010895 50.65822228 33.1010895 51.75822262 0 P 0
L 33.1010895 53.90178704 33.1010895 55.00178738 0 P 0
L 33.1010895 55.49675972 33.1010895 56.59676006 0 P 0
L 33.1010895 57.0917324 33.1010895 58.19173274 0 P 0
L 33.12500106 64.82700776 33.12500106 65.9270081 0 P 0
L 33.12500106 64.82700776 35.5249988 64.82700776 0 P 0
L 33.12500106 65.9270081 35.5249988 65.9270081 0 P 0
L 33.80000098 69.8000128 34.74999908 69.8000128 0 P 0
L 33.80000098 71.30000726 34.74999908 71.30000726 0 P 0
L 33.80000098 72.80000172 34.74999908 72.80000172 0 P 0
L 33.80000098 74.29999618 34.74999908 74.29999618 0 P 0
L 33.85000088 65.3770092 34.79999898 65.3770092 0 P 0
L 33.95100144 13.7499979 33.95100144 16.14999818 0 P 0
L 33.95100144 13.7499979 35.05100178 13.7499979 0 P 0
L 33.95100144 16.14999818 35.05100178 16.14999818 0 P 0
L 33.95100398 21.85000202 33.95100398 24.2500023 0 P 0
L 33.95100398 21.85000202 35.05100432 21.85000202 0 P 0
L 33.95100398 24.2500023 35.05100432 24.2500023 0 P 0
L 34.02600256 14.94999804 34.9760032 14.94999804 0 P 0
L 34.02600256 23.05000216 34.9760032 23.05000216 0 P 0
L 34.05100378 12.11098416 34.05100378 13.2109845 0 P 0
L 34.05100378 12.11098416 36.45100406 12.11098416 0 P 0
L 34.05100378 13.2109845 36.45100406 13.2109845 0 P 0
L 34.05100378 24.78901316 34.05100378 25.8890135 0 P 0
L 34.05100378 24.78901316 36.45100406 24.78901316 0 P 0
L 34.05100378 25.8890135 36.45100406 25.8890135 0 P 0
L 34.27499876 69.32501248 34.27499876 70.27501312 0 P 0
L 34.27499876 73.82499586 34.27499876 74.7749965 0 P 0
L 34.2750013 70.82500694 34.2750013 71.77500758 0 P 0
L 34.2750013 72.3250014 34.2750013 73.27500204 0 P 0
L 34.3250012 64.90200888 34.3250012 65.85200952 0 P 0
L 34.50100288 14.47500026 34.50100288 15.42499836 0 P 0
L 34.50100288 22.57500184 34.50100288 23.52499994 0 P 0
L 34.7760036 12.6609856 35.7260017 12.6609856 0 P 0
L 34.7760036 25.3390146 35.7260017 25.3390146 0 P 0
L 35.05100178 13.7499979 35.05100178 16.14999818 0 P 0
L 35.05100432 21.85000202 35.05100432 24.2500023 0 P 0
L 35.25100392 12.18598528 35.25100392 13.13598592 0 P 0
L 35.25100392 24.86401428 35.25100392 25.81401492 0 P 0
L 35.4749989 69.2500139 35.4749989 70.35001424 0 P 0
L 35.4749989 73.74999728 35.4749989 74.84999762 0 P 0
L 35.47500144 70.75000582 35.47500144 71.85000616 0 P 0
L 35.47500144 72.25000028 35.47500144 73.35000062 0 P 0
L 35.5249988 64.82700776 35.5249988 65.9270081 0 P 0
L 35.6019989 21.90000192 35.6019989 24.29999966 0 P 0
L 35.6019989 21.90000192 36.70199924 21.90000192 0 P 0
L 35.6019989 24.29999966 36.70199924 24.29999966 0 P 0
L 35.60200144 13.70000054 35.60200144 16.09999828 0 P 0
L 35.60200144 13.70000054 36.70200178 13.70000054 0 P 0
L 35.60200144 16.09999828 36.70200178 16.09999828 0 P 0
L 35.67700002 14.90000068 36.62700066 14.90000068 0 P 0
L 35.67700002 23.09999952 36.62700066 23.09999952 0 P 0
L 36.15200034 14.42500036 36.15200034 15.37499846 0 P 0
L 36.15200034 22.62500174 36.15200034 23.57499984 0 P 0
L 36.45100406 12.11098416 36.45100406 13.2109845 0 P 0
L 36.45100406 24.78901316 36.45100406 25.8890135 0 P 0
L 36.70000534 60.2330012 36.70000534 62.63300148 0 P 0
L 36.70000534 60.2330012 37.80000568 60.2330012 0 P 0
L 36.70000534 62.63300148 37.80000568 62.63300148 0 P 0
L 36.70199924 21.90000192 36.70199924 24.29999966 0 P 0
L 36.70200178 13.70000054 36.70200178 16.09999828 0 P 0
L 36.77500646 61.43300134 37.7250071 61.43300134 0 P 0
L 37.25000678 60.95800356 37.25000678 61.90800166 0 P 0
L 37.30000414 49.85000698 37.30000414 50.95000732 0 P 0
L 37.30000414 49.85000698 39.70000188 49.85000698 0 P 0
L 37.30000414 50.95000732 39.70000188 50.95000732 0 P 0
L 37.30000414 51.35000144 37.30000414 52.45000178 0 P 0
L 37.30000414 51.35000144 39.70000442 51.35000144 0 P 0
L 37.30000414 52.45000178 39.70000442 52.45000178 0 P 0
L 37.30000414 52.8499959 37.30000414 53.94999624 0 P 0
L 37.30000414 52.8499959 39.70000442 52.8499959 0 P 0
L 37.30000414 53.94999624 39.70000442 53.94999624 0 P 0
L 37.4500013 42.3330243 37.4500013 44.73302458 0 P 0
L 37.4500013 42.3330243 38.55000164 42.3330243 0 P 0
L 37.4500013 44.73302458 38.55000164 44.73302458 0 P 0
L 37.49997072 54.65002278 37.49997072 57.05002306 0 P 0
L 37.49997072 54.65002278 38.59997106 54.65002278 0 P 0
L 37.49997072 57.05002306 38.59997106 57.05002306 0 P 0
L 37.52499988 43.53302444 38.47500052 43.53302444 0 P 0
L 37.57497184 55.85002292 38.52497248 55.85002292 0 P 0
L 37.80000568 60.2330012 37.80000568 62.63300148 0 P 0
L 38.0000002 43.05802412 38.0000002 44.00802222 0 P 0
L 38.02500396 50.40000842 38.97500206 50.40000842 0 P 0
L 38.02500396 51.90000288 38.97500206 51.90000288 0 P 0
L 38.02500396 53.39999734 38.97500206 53.39999734 0 P 0
L 38.04997216 55.37502514 38.04997216 56.32502324 0 P 0
L 38.20000234 60.23300374 38.20000234 62.63300402 0 P 0
L 38.20000234 60.23300374 39.30000268 60.23300374 0 P 0
L 38.20000234 62.63300402 39.30000268 62.63300402 0 P 0
L 38.27500092 61.43300388 39.22500156 61.43300388 0 P 0
L 38.50000428 49.9250081 38.50000428 50.87500874 0 P 0
L 38.50000428 51.42500256 38.50000428 52.3750032 0 P 0
L 38.50000428 52.92499702 38.50000428 53.87499766 0 P 0
L 38.55000164 42.3330243 38.55000164 44.73302458 0 P 0
L 38.59997106 54.65002278 38.59997106 57.05002306 0 P 0
L 38.70001912 75.71700376 38.70001912 78.1170015 0 P 0
L 38.70001912 75.71700376 39.80001946 75.71700376 0 P 0
L 38.70001912 78.1170015 39.80001946 78.1170015 0 P 0
L 38.75000124 60.95800356 38.75000124 61.90800166 0 P 0
L 38.77502024 76.91700136 39.72502088 76.91700136 0 P 0
L 38.94999576 42.3330243 38.94999576 44.73302204 0 P 0
L 38.94999576 42.3330243 40.0499961 42.3330243 0 P 0
L 38.94999576 44.73302204 40.0499961 44.73302204 0 P 0
L 38.99996518 54.65002278 38.99996518 57.05002306 0 P 0
L 38.99996518 54.65002278 40.09996552 54.65002278 0 P 0
L 38.99996518 57.05002306 40.09996552 57.05002306 0 P 0
L 39.02499434 43.53302444 39.97499498 43.53302444 0 P 0
L 39.0749663 55.85002292 40.02496694 55.85002292 0 P 0
L 39.25002056 76.44200358 39.25002056 77.39200168 0 P 0
L 39.30000268 60.23300374 39.30000268 62.63300402 0 P 0
L 39.49999466 43.05802412 39.49999466 44.00802222 0 P 0
L 39.54996662 55.37502514 39.54996662 56.32502324 0 P 0
L 39.69999426 60.2330012 39.69999426 62.63300148 0 P 0
L 39.69999426 60.2330012 40.7999946 60.2330012 0 P 0
L 39.69999426 62.63300148 40.7999946 62.63300148 0 P 0
L 39.70000188 49.85000698 39.70000188 50.95000732 0 P 0
L 39.70000442 51.35000144 39.70000442 52.45000178 0 P 0
L 39.70000442 52.8499959 39.70000442 53.94999624 0 P 0
L 39.77499538 61.43300134 40.72499602 61.43300134 0 P 0
L 39.80001946 75.71700376 39.80001946 78.1170015 0 P 0
L 40.0499961 42.3330243 40.0499961 44.73302204 0 P 0
L 40.09996552 54.65002278 40.09996552 57.05002306 0 P 0
L 40.1999958 75.66700386 40.1999958 78.06700414 0 P 0
L 40.1999958 75.66700386 41.29999614 75.66700386 0 P 0
L 40.1999958 78.06700414 41.29999614 78.06700414 0 P 0
L 40.2499957 60.95800356 40.2499957 61.90800166 0 P 0
L 40.27499438 76.867004 41.22499502 76.867004 0 P 0
L 40.49996218 54.65002532 40.49996218 57.0500256 0 P 0
L 40.49996218 54.65002532 41.59996252 54.65002532 0 P 0
L 40.49996218 57.0500256 41.59996252 57.0500256 0 P 0
L 40.57496076 55.85002546 41.5249614 55.85002546 0 P 0
L 40.7499947 76.39200368 40.7499947 77.34200178 0 P 0
L 40.7999946 60.2330012 40.7999946 62.63300148 0 P 0
L 41.04996108 55.37502514 41.04996108 56.32502324 0 P 0
L 41.07458638 39.65000198 41.07458638 40.75000232 0 P 0
L 41.07458638 39.65000198 43.47458412 39.65000198 0 P 0
L 41.07458638 40.75000232 43.47458412 40.75000232 0 P 0
L 41.19999126 60.23300374 41.19999126 62.63300402 0 P 0
L 41.19999126 60.23300374 42.2999916 60.23300374 0 P 0
L 41.19999126 62.63300402 42.2999916 62.63300402 0 P 0
L 41.27498984 61.43300388 42.22499048 61.43300388 0 P 0
L 41.29999614 75.66700386 41.29999614 78.06700414 0 P 0
L 41.59996252 54.65002532 41.59996252 57.0500256 0 P 0
L 41.70000804 75.66700132 41.70000804 78.0670016 0 P 0
L 41.70000804 75.66700132 42.80000838 75.66700132 0 P 0
L 41.70000804 78.0670016 42.80000838 78.0670016 0 P 0
L 41.74999016 60.95800356 41.74999016 61.90800166 0 P 0
L 41.77500916 76.86700146 42.7250098 76.86700146 0 P 0
L 41.7995862 40.20000088 42.7495843 40.20000088 0 P 0
L 41.99995664 54.65002532 41.99995664 57.0500256 0 P 0
L 41.99995664 54.65002532 43.09995698 54.65002532 0 P 0
L 41.99995664 57.0500256 43.09995698 57.0500256 0 P 0
L 42.07495522 55.85002546 43.02495586 55.85002546 0 P 0
L 42.25000948 76.39200368 42.25000948 77.34200178 0 P 0
L 42.27458398 39.72500056 42.27458398 40.6750012 0 P 0
L 42.2999916 60.23300374 42.2999916 62.63300402 0 P 0
L 42.54995554 55.37502514 42.54995554 56.32502324 0 P 0
L 42.69998572 60.23300374 42.69998572 62.63300148 0 P 0
L 42.69998572 60.23300374 43.79998606 60.23300374 0 P 0
L 42.69998572 62.63300148 43.79998606 62.63300148 0 P 0
L 42.7749843 61.43300388 43.72498494 61.43300388 0 P 0
L 42.80000838 75.66700132 42.80000838 78.0670016 0 P 0
L 43.09995698 54.65002532 43.09995698 57.0500256 0 P 0
L 43.20000504 75.66700386 43.20000504 78.06700414 0 P 0
L 43.20000504 75.66700386 44.30000538 75.66700386 0 P 0
L 43.20000504 78.06700414 44.30000538 78.06700414 0 P 0
L 43.24998462 60.95800356 43.24998462 61.90800166 0 P 0
L 43.27500362 76.867004 44.22500426 76.867004 0 P 0
L 43.47458412 39.65000198 43.47458412 40.75000232 0 P 0
L 43.49994856 54.65002278 43.49994856 57.05002306 0 P 0
L 43.49994856 54.65002278 44.5999489 54.65002278 0 P 0
L 43.49994856 57.05002306 44.5999489 57.05002306 0 P 0
L 43.57494968 55.85002292 44.52495032 55.85002292 0 P 0
L 43.75000394 76.39200368 43.75000394 77.34200178 0 P 0
L 43.79998606 60.23300374 43.79998606 62.63300148 0 P 0
L 44.04995 55.37502514 44.04995 56.32502324 0 P 0
L 44.19997764 60.2330012 44.19997764 62.63300148 0 P 0
L 44.19997764 60.2330012 45.29997798 60.2330012 0 P 0
L 44.19997764 62.63300148 45.29997798 62.63300148 0 P 0
L 44.27497876 61.43300134 45.2249794 61.43300134 0 P 0
L 44.30000538 75.66700386 44.30000538 78.06700414 0 P 0
L 44.5999489 54.65002278 44.5999489 57.05002306 0 P 0
L 44.6999995 75.66700386 44.6999995 78.06700414 0 P 0
L 44.6999995 75.66700386 45.79999984 75.66700386 0 P 0
L 44.6999995 78.06700414 45.79999984 78.06700414 0 P 0
L 44.74997908 60.95800356 44.74997908 61.90800166 0 P 0
L 44.77499808 76.867004 45.72499872 76.867004 0 P 0
L 44.99994302 54.65002278 44.99994302 57.05002306 0 P 0
L 44.99994302 54.65002278 46.09994336 54.65002278 0 P 0
L 44.99994302 57.05002306 46.09994336 57.05002306 0 P 0
L 45.07494414 55.85002292 46.02494478 55.85002292 0 P 0
L 45.12538854 39.65000452 45.12538854 40.75000486 0 P 0
L 45.12538854 39.65000452 47.52538628 39.65000452 0 P 0
L 45.12538854 40.75000486 47.52538628 40.75000486 0 P 0
L 45.2499984 76.39200368 45.2499984 77.34200178 0 P 0
L 45.29997798 60.2330012 45.29997798 62.63300148 0 P 0
L 45.54994446 55.37502514 45.54994446 56.32502324 0 P 0
L 45.69997464 60.23300374 45.69997464 62.63300402 0 P 0
L 45.69997464 60.23300374 46.79997498 60.23300374 0 P 0
L 45.69997464 62.63300402 46.79997498 62.63300402 0 P 0
L 45.77497322 61.43300388 46.72497386 61.43300388 0 P 0
L 45.79999984 75.66700386 45.79999984 78.06700414 0 P 0
L 45.85038836 40.20000596 46.80038646 40.20000596 0 P 0
L 46.09994336 54.65002278 46.09994336 57.05002306 0 P 0
L 46.19999396 75.66700386 46.19999396 78.06700414 0 P 0
L 46.19999396 75.66700386 47.2999943 75.66700386 0 P 0
L 46.19999396 78.06700414 47.2999943 78.06700414 0 P 0
L 46.24997354 60.95800356 46.24997354 61.90800166 0 P 0
L 46.27499254 76.867004 47.22499318 76.867004 0 P 0
L 46.32538868 39.72500564 46.32538868 40.67500628 0 P 0
L 46.49994002 54.65002532 46.49994002 57.0500256 0 P 0
L 46.49994002 54.65002532 47.59994036 54.65002532 0 P 0
L 46.49994002 57.0500256 47.59994036 57.0500256 0 P 0
L 46.5749386 55.85002546 47.52493924 55.85002546 0 P 0
L 46.74999286 76.39200368 46.74999286 77.34200178 0 P 0
L 46.79997498 60.23300374 46.79997498 62.63300402 0 P 0
L 47.04993892 55.37502514 47.04993892 56.32502324 0 P 0
L 47.1999691 60.23300374 47.1999691 62.63300148 0 P 0
L 47.1999691 60.23300374 48.29996944 60.23300374 0 P 0
L 47.1999691 62.63300148 48.29996944 62.63300148 0 P 0
L 47.27496768 61.43300388 48.22496832 61.43300388 0 P 0
L 47.2999943 75.66700386 47.2999943 78.06700414 0 P 0
L 47.52538628 39.65000452 47.52538628 40.75000486 0 P 0
L 47.59994036 54.65002532 47.59994036 57.0500256 0 P 0
L 47.69998842 75.66700386 47.69998842 78.06700414 0 P 0
L 47.69998842 75.66700386 48.79998876 75.66700386 0 P 0
L 47.69998842 78.06700414 48.79998876 78.06700414 0 P 0
L 47.749968 60.95800356 47.749968 61.90800166 0 P 0
L 47.774987 76.867004 48.72498764 76.867004 0 P 0
L 47.84999828 39.65000706 47.84999828 42.05000734 0 P 0
L 47.84999828 39.65000706 48.94999862 39.65000706 0 P 0
L 47.84999828 42.05000734 48.94999862 42.05000734 0 P 0
L 47.84999828 42.3330243 47.84999828 44.73302204 0 P 0
L 47.84999828 42.3330243 48.94999862 42.3330243 0 P 0
L 47.84999828 44.73302204 48.94999862 44.73302204 0 P 0
L 47.90000072 49.85000952 47.90000072 50.95000986 0 P 0
L 47.90000072 49.85000952 50.300001 49.85000952 0 P 0
L 47.90000072 50.95000986 50.300001 50.95000986 0 P 0
L 47.90000072 51.35000398 47.90000072 52.45000432 0 P 0
L 47.90000072 51.35000398 50.300001 51.35000398 0 P 0
L 47.90000072 52.45000432 50.300001 52.45000432 0 P 0
L 47.90000072 52.84999844 47.90000072 53.94999878 0 P 0
L 47.90000072 52.84999844 50.300001 52.84999844 0 P 0
L 47.90000072 53.94999878 50.300001 53.94999878 0 P 0
L 47.90000326 45.3500236 47.90000326 46.45002394 0 P 0
L 47.90000326 45.3500236 50.30000354 45.3500236 0 P 0
L 47.90000326 46.45002394 50.30000354 46.45002394 0 P 0
L 47.90000326 46.85001806 47.90000326 47.9500184 0 P 0
L 47.90000326 46.85001806 50.30000354 46.85001806 0 P 0
L 47.90000326 47.9500184 50.30000354 47.9500184 0 P 0
L 47.90000326 48.35001252 47.90000326 49.45001286 0 P 0
L 47.90000326 48.35001252 50.30000354 48.35001252 0 P 0
L 47.90000326 49.45001286 50.30000354 49.45001286 0 P 0
L 47.92499686 40.8500072 48.8749975 40.8500072 0 P 0
L 47.92499686 43.53302444 48.8749975 43.53302444 0 P 0
L 47.99993448 54.65002532 47.99993448 57.0500256 0 P 0
L 47.99993448 54.65002532 49.09993482 54.65002532 0 P 0
L 47.99993448 57.0500256 49.09993482 57.0500256 0 P 0
L 48.07493306 55.85002546 49.0249337 55.85002546 0 P 0
L 48.24998732 76.39200368 48.24998732 77.34200178 0 P 0
L 48.29996944 60.23300374 48.29996944 62.63300148 0 P 0
L 48.39999718 40.37500688 48.39999718 41.32500498 0 P 0
L 48.39999718 43.05802412 48.39999718 44.00802222 0 P 0
L 48.51700228 63.94999148 48.51700228 65.04999182 0 P 0
L 48.51700228 63.94999148 50.91700256 63.94999148 0 P 0
L 48.51700228 65.04999182 50.91700256 65.04999182 0 P 0
L 48.51700228 72.2499952 48.51700228 73.34999554 0 P 0
L 48.51700228 72.2499952 50.91700256 72.2499952 0 P 0
L 48.51700228 73.34999554 50.91700256 73.34999554 0 P 0
L 48.51700482 62.44999702 48.51700482 63.54999736 0 P 0
L 48.51700482 62.44999702 50.91700256 62.44999702 0 P 0
L 48.51700482 63.54999736 50.91700256 63.54999736 0 P 0
L 48.51700482 65.4499834 48.51700482 66.54998374 0 P 0
L 48.51700482 65.4499834 50.9170051 65.4499834 0 P 0
L 48.51700482 66.54998374 50.9170051 66.54998374 0 P 0
L 48.51700482 70.75000074 48.51700482 71.85000108 0 P 0
L 48.51700482 70.75000074 50.91700256 70.75000074 0 P 0
L 48.51700482 71.85000108 50.91700256 71.85000108 0 P 0
L 48.51700482 73.74998712 48.51700482 74.84998746 0 P 0
L 48.51700482 73.74998712 50.9170051 73.74998712 0 P 0
L 48.51700482 74.84998746 50.9170051 74.84998746 0 P 0
L 48.54993338 55.37502514 48.54993338 56.32502324 0 P 0
L 48.62500308 45.90002504 49.57500118 45.90002504 0 P 0
L 48.62500308 47.4000195 49.57500118 47.4000195 0 P 0
L 48.62500308 48.90001396 49.57500118 48.90001396 0 P 0
L 48.62500308 50.40000842 49.57500118 50.40000842 0 P 0
L 48.62500308 51.90000288 49.57500118 51.90000288 0 P 0
L 48.62500308 53.39999734 49.57500118 53.39999734 0 P 0
L 48.79998876 75.66700386 48.79998876 78.06700414 0 P 0
L 48.94999862 39.65000706 48.94999862 42.05000734 0 P 0
L 48.94999862 42.3330243 48.94999862 44.73302204 0 P 0
L 49.09993482 54.65002532 49.09993482 57.0500256 0 P 0
L 49.10000086 49.9250081 49.10000086 50.87500874 0 P 0
L 49.10000086 51.42500256 49.10000086 52.3750032 0 P 0
L 49.10000086 52.92499702 49.10000086 53.87499766 0 P 0
L 49.1000034 45.42502472 49.1000034 46.37502536 0 P 0
L 49.1000034 46.92501918 49.1000034 47.87501982 0 P 0
L 49.1000034 48.42501364 49.1000034 49.37501428 0 P 0
L 49.24200464 62.99999592 50.19200274 62.99999592 0 P 0
L 49.24200464 64.49999038 50.19200274 64.49999038 0 P 0
L 49.24200464 65.99998484 50.19200274 65.99998484 0 P 0
L 49.24200464 71.29999964 50.19200274 71.29999964 0 P 0
L 49.24200464 72.7999941 50.19200274 72.7999941 0 P 0
L 49.24200464 74.29998856 50.19200274 74.29998856 0 P 0
L 49.34999274 42.3330243 49.34999274 44.73302204 0 P 0
L 49.34999274 42.3330243 50.44999308 42.3330243 0 P 0
L 49.34999274 44.73302204 50.44999308 44.73302204 0 P 0
L 49.42499132 43.53302444 50.37499196 43.53302444 0 P 0
L 49.49992894 54.65002532 49.49992894 57.0500256 0 P 0
L 49.49992894 54.65002532 50.59992928 54.65002532 0 P 0
L 49.49992894 57.0500256 50.59992928 57.0500256 0 P 0
L 49.57492752 55.85002546 50.52492816 55.85002546 0 P 0
L 49.71700242 62.5249956 49.71700242 63.47499624 0 P 0
L 49.71700242 64.02499006 49.71700242 64.9749907 0 P 0
L 49.71700242 70.82499932 49.71700242 71.77499996 0 P 0
L 49.71700242 72.32499378 49.71700242 73.27499442 0 P 0
L 49.71700496 65.52498452 49.71700496 66.47498516 0 P 0
L 49.71700496 73.82498824 49.71700496 74.77498888 0 P 0
L 49.89999164 43.05802412 49.89999164 44.00802222 0 P 0
L 50.04992784 55.37502514 50.04992784 56.32502324 0 P 0
L 50.300001 49.85000952 50.300001 50.95000986 0 P 0
L 50.300001 51.35000398 50.300001 52.45000432 0 P 0
L 50.300001 52.84999844 50.300001 53.94999878 0 P 0
L 50.30000354 45.3500236 50.30000354 46.45002394 0 P 0
L 50.30000354 46.85001806 50.30000354 47.9500184 0 P 0
L 50.30000354 48.35001252 50.30000354 49.45001286 0 P 0
L 50.44999308 42.3330243 50.44999308 44.73302204 0 P 0
L 50.59992928 54.65002532 50.59992928 57.0500256 0 P 0
L 50.91700256 62.44999702 50.91700256 63.54999736 0 P 0
L 50.91700256 63.94999148 50.91700256 65.04999182 0 P 0
L 50.91700256 70.75000074 50.91700256 71.85000108 0 P 0
L 50.91700256 72.2499952 50.91700256 73.34999554 0 P 0
L 50.9170051 65.4499834 50.9170051 66.54998374 0 P 0
L 50.9170051 73.74998712 50.9170051 74.84998746 0 P 0
L 51.89102906 45.78301994 51.89102906 46.88302028 0 P 0
L 51.89102906 45.78301994 54.2910268 45.78301994 0 P 0
L 51.89102906 46.88302028 54.2910268 46.88302028 0 P 0
L 51.90000542 40.90799286 51.90000542 42.0079932 0 P 0
L 51.90000542 40.90799286 54.30000316 40.90799286 0 P 0
L 51.90000542 42.0079932 54.30000316 42.0079932 0 P 0
L 52.14999984 69.10499768 52.14999984 71.50499542 0 P 0
L 52.14999984 69.10499768 53.25000018 69.10499768 0 P 0
L 52.14999984 71.50499542 53.25000018 71.50499542 0 P 0
L 52.15000238 65.80499666 52.15000238 68.2049944 0 P 0
L 52.15000238 65.80499666 53.25000272 65.80499666 0 P 0
L 52.15000238 68.2049944 53.25000272 68.2049944 0 P 0
L 52.22500096 67.0049968 53.1750016 67.0049968 0 P 0
L 52.22500096 70.30499528 53.1750016 70.30499528 0 P 0
L 52.24999964 47.82503008 52.24999964 48.92503042 0 P 0
L 52.24999964 47.82503008 54.64999992 47.82503008 0 P 0
L 52.24999964 48.92503042 54.64999992 48.92503042 0 P 0
L 52.61602888 46.33302138 53.56602698 46.33302138 0 P 0
L 52.62500524 41.4579943 53.57500334 41.4579943 0 P 0
L 52.70000128 66.52999648 52.70000128 67.47999458 0 P 0
L 52.70000128 69.8299975 52.70000128 70.7799956 0 P 0
L 52.975002 48.37502898 53.9250001 48.37502898 0 P 0
L 53.0910292 45.85802106 53.0910292 46.8080217 0 P 0
L 53.10000556 40.98299398 53.10000556 41.93299462 0 P 0
L 53.25000018 69.10499768 53.25000018 71.50499542 0 P 0
L 53.25000272 65.80499666 53.25000272 68.2049944 0 P 0
L 53.44999978 47.90002866 53.44999978 48.8500293 0 P 0
L 53.96840108 52.32501092 53.96840108 53.42501126 0 P 0
L 53.96840108 52.32501092 56.36840136 52.32501092 0 P 0
L 53.96840108 53.42501126 56.36840136 53.42501126 0 P 0
L 53.96840108 53.82500792 53.96840108 54.92500826 0 P 0
L 53.96840108 53.82500792 56.36839882 53.82500792 0 P 0
L 53.96840108 54.92500826 56.36839882 54.92500826 0 P 0
L 54.2910268 45.78301994 54.2910268 46.88302028 0 P 0
L 54.30000316 40.90799286 54.30000316 42.0079932 0 P 0
L 54.64999992 47.82503008 54.64999992 48.92503042 0 P 0
L 54.6934009 52.87501236 55.643399 52.87501236 0 P 0
L 54.6934009 54.37500682 55.643399 54.37500682 0 P 0
L 55.16839868 53.9000065 55.16839868 54.85000714 0 P 0
L 55.16840122 52.40001204 55.16840122 53.35001268 0 P 0
L 56.36839882 53.82500792 56.36839882 54.92500826 0 P 0
L 56.36840136 52.32501092 56.36840136 53.42501126 0 P 0
L 56.9499877 44.3080013 56.9499877 46.70800158 0 P 0
L 56.9499877 44.3080013 58.04998804 44.3080013 0 P 0
L 56.9499877 46.70800158 58.04998804 46.70800158 0 P 0
L 57.02498882 45.50800144 57.97498946 45.50800144 0 P 0
L 57.49998914 45.03300366 57.49998914 45.98300176 0 P 0
L 58.04998804 44.3080013 58.04998804 46.70800158 0 P 0
L 58.8499966 41.0079952 58.8499966 43.40799548 0 P 0
L 58.8499966 41.0079952 59.94999694 41.0079952 0 P 0
L 58.8499966 43.40799548 59.94999694 43.40799548 0 P 0
L 58.8499966 44.25800394 58.8499966 46.65800168 0 P 0
L 58.8499966 44.25800394 59.94999694 44.25800394 0 P 0
L 58.8499966 46.65800168 59.94999694 46.65800168 0 P 0
L 58.92499518 42.20799534 59.87499582 42.20799534 0 P 0
L 58.92499518 45.45800408 59.87499582 45.45800408 0 P 0
L 59.3999955 41.73299502 59.3999955 42.68299312 0 P 0
L 59.3999955 44.98300376 59.3999955 45.93300186 0 P 0
L 59.94999694 41.0079952 59.94999694 43.40799548 0 P 0
L 59.94999694 44.25800394 59.94999694 46.65800168 0 P 0
L 60.74999534 53.85000152 60.74999534 56.2500018 0 P 0
L 60.74999534 53.85000152 61.84999568 53.85000152 0 P 0
L 60.74999534 56.2500018 61.84999568 56.2500018 0 P 0
L 60.75000042 41.00799266 60.75000042 43.40799294 0 P 0
L 60.75000042 41.00799266 61.85000076 41.00799266 0 P 0
L 60.75000042 43.40799294 61.85000076 43.40799294 0 P 0
L 60.75000296 44.30800384 60.75000296 46.70800412 0 P 0
L 60.75000296 44.30800384 61.8500033 44.30800384 0 P 0
L 60.75000296 46.70800412 61.8500033 46.70800412 0 P 0
L 60.82499392 55.05000166 61.77499456 55.05000166 0 P 0
L 60.82500154 42.2079928 61.77500218 42.2079928 0 P 0
L 60.82500154 45.50800398 61.77500218 45.50800398 0 P 0
L 61.29999424 54.57500134 61.29999424 55.52499944 0 P 0
L 61.30000186 41.73299502 61.30000186 42.68299312 0 P 0
L 61.30000186 45.03300366 61.30000186 45.98300176 0 P 0
L 61.84999568 53.85000152 61.84999568 56.2500018 0 P 0
L 61.85000076 41.00799266 61.85000076 43.40799294 0 P 0
L 61.8500033 44.30800384 61.8500033 46.70800412 0 P 0
L 62.69038008 44.30800384 62.69038008 46.70800158 0 P 0
L 62.69038008 44.30800384 63.79038042 44.30800384 0 P 0
L 62.69038008 46.70800158 63.79038042 46.70800158 0 P 0
L 62.69038262 41.0079952 62.69038262 43.40799294 0 P 0
L 62.69038262 41.0079952 63.79038296 41.0079952 0 P 0
L 62.69038262 43.40799294 63.79038296 43.40799294 0 P 0
L 62.76537866 45.50800398 63.7153793 45.50800398 0 P 0
L 62.76538374 42.2079928 63.71538438 42.2079928 0 P 0
L 63.24037898 45.03300366 63.24037898 45.98300176 0 P 0
L 63.24038406 41.73299502 63.24038406 42.68299312 0 P 0
L 63.79038042 44.30800384 63.79038042 46.70800158 0 P 0
L 63.79038296 41.0079952 63.79038296 43.40799294 0 P 0
L 64.12500002 60.89999758 64.12500002 63.29999786 0 P 0
L 64.12500002 60.89999758 65.22500036 60.89999758 0 P 0
L 64.12500002 63.29999786 65.22500036 63.29999786 0 P 0
L 64.20000114 62.09999772 65.15000178 62.09999772 0 P 0
L 64.4499981 46.59517986 64.4499981 47.6951802 0 P 0
L 64.4499981 46.59517986 66.84999838 46.59517986 0 P 0
L 64.4499981 47.6951802 66.84999838 47.6951802 0 P 0
L 64.4499981 48.09517686 64.4499981 49.1951772 0 P 0
L 64.4499981 48.09517686 66.84999838 48.09517686 0 P 0
L 64.4499981 49.1951772 66.84999838 49.1951772 0 P 0
L 64.67500146 61.62499994 64.67500146 62.57499804 0 P 0
L 65.17500046 47.14517876 66.12499856 47.14517876 0 P 0
L 65.17500046 48.64517576 66.12499856 48.64517576 0 P 0
L 65.22500036 60.89999758 65.22500036 63.29999786 0 P 0
L 65.64999824 46.67017844 65.64999824 47.62017908 0 P 0
L 65.64999824 48.17017544 65.64999824 49.12017608 0 P 0
L 66.34999938 53.85000152 66.34999938 56.2500018 0 P 0
L 66.34999938 53.85000152 67.44999972 53.85000152 0 P 0
L 66.34999938 56.2500018 67.44999972 56.2500018 0 P 0
L 66.42499796 55.05000166 67.3749986 55.05000166 0 P 0
L 66.84999838 46.59517986 66.84999838 47.6951802 0 P 0
L 66.84999838 48.09517686 66.84999838 49.1951772 0 P 0
L 66.89999828 54.57500134 66.89999828 55.52499944 0 P 0
L 67.44999972 53.85000152 67.44999972 56.2500018 0 P 0
L 67.84999892 53.85000152 67.84999892 56.2500018 0 P 0
L 67.84999892 53.85000152 68.94999926 53.85000152 0 P 0
L 67.84999892 56.2500018 68.94999926 56.2500018 0 P 0
L 67.9249975 55.05000166 68.87499814 55.05000166 0 P 0
L 68.39999782 54.57500134 68.39999782 55.52499944 0 P 0
L 68.94999926 53.85000152 68.94999926 56.2500018 0 P 0
L 69.45002366 53.85000152 69.45002366 56.2500018 0 P 0
L 69.45002366 53.85000152 70.550024 53.85000152 0 P 0
L 69.45002366 56.2500018 70.550024 56.2500018 0 P 0
L 69.52502224 55.05000166 70.47502288 55.05000166 0 P 0
L 70.00002256 54.57500134 70.00002256 55.52499944 0 P 0
L 70.24037514 42.40802034 70.24037514 44.80801808 0 P 0
L 70.24037514 42.40802034 71.34037548 42.40802034 0 P 0
L 70.24037514 44.80801808 71.34037548 44.80801808 0 P 0
L 70.31537372 43.60802048 71.26537436 43.60802048 0 P 0
L 70.550024 53.85000152 70.550024 56.2500018 0 P 0
L 70.79037404 43.13302016 70.79037404 44.08301826 0 P 0
L 70.95001558 53.84999898 70.95001558 56.24999926 0 P 0
L 70.95001558 53.84999898 72.05001592 53.84999898 0 P 0
L 70.95001558 56.24999926 72.05001592 56.24999926 0 P 0
L 71.0250167 55.04999912 71.97501734 55.04999912 0 P 0
L 71.34037548 42.40802034 71.34037548 44.80801808 0 P 0
L 71.50001702 54.57500134 71.50001702 55.52499944 0 P 0
L 72.05001592 53.84999898 72.05001592 56.24999926 0 P 0
L 72.14037388 42.4580177 72.14037388 44.85801798 0 P 0
L 72.14037388 42.4580177 73.24037422 42.4580177 0 P 0
L 72.14037388 44.85801798 73.24037422 44.85801798 0 P 0
L 72.215375 43.65801784 73.16537564 43.65801784 0 P 0
L 72.45001004 53.84999898 72.45001004 56.24999926 0 P 0
L 72.45001004 53.84999898 73.55001038 53.84999898 0 P 0
L 72.45001004 56.24999926 73.55001038 56.24999926 0 P 0
L 72.52501116 55.04999912 73.4750118 55.04999912 0 P 0
L 72.69037532 43.18302006 72.69037532 44.13301816 0 P 0
L 72.89379884 3.31600048 72.89379884 4.41600082 0 P 0
L 72.89379884 3.31600048 75.29379912 3.31600048 0 P 0
L 72.89379884 4.41600082 75.29379912 4.41600082 0 P 0
L 72.89379884 12.02099958 72.89379884 13.12099992 0 P 0
L 72.89379884 12.02099958 75.29379912 12.02099958 0 P 0
L 72.89379884 13.12099992 75.29379912 13.12099992 0 P 0
L 72.89379884 20.72599868 72.89379884 21.82599902 0 P 0
L 72.89379884 20.72599868 75.29379912 20.72599868 0 P 0
L 72.89379884 21.82599902 75.29379912 21.82599902 0 P 0
L 73.00001148 54.57500134 73.00001148 55.52499944 0 P 0
L 73.0703009 6.97399418 73.0703009 8.07399452 0 P 0
L 73.0703009 6.97399418 75.47030118 6.97399418 0 P 0
L 73.0703009 8.07399452 75.47030118 8.07399452 0 P 0
L 73.0703009 15.67899328 73.0703009 16.77899362 0 P 0
L 73.0703009 15.67899328 75.47030118 15.67899328 0 P 0
L 73.0703009 16.77899362 75.47030118 16.77899362 0 P 0
L 73.0703009 24.38399238 73.0703009 25.48399272 0 P 0
L 73.0703009 24.38399238 75.47030118 24.38399238 0 P 0
L 73.0703009 25.48399272 75.47030118 25.48399272 0 P 0
L 73.24037422 42.4580177 73.24037422 44.85801798 0 P 0
L 73.55001038 53.84999898 73.55001038 56.24999926 0 P 0
L 73.6188012 3.86599938 74.5687993 3.86599938 0 P 0
L 73.6188012 12.57099848 74.5687993 12.57099848 0 P 0
L 73.6188012 21.27599758 74.5687993 21.27599758 0 P 0
L 73.79530072 7.52399562 74.74529882 7.52399562 0 P 0
L 73.79530072 16.22899472 74.74529882 16.22899472 0 P 0
L 73.79530072 24.93399382 74.74529882 24.93399382 0 P 0
L 73.95000704 53.85000152 73.95000704 56.2500018 0 P 0
L 73.95000704 53.85000152 75.05000738 53.85000152 0 P 0
L 73.95000704 56.2500018 75.05000738 56.2500018 0 P 0
L 74.02500562 55.05000166 74.97500626 55.05000166 0 P 0
L 74.09379898 3.39099906 74.09379898 4.3409997 0 P 0
L 74.09379898 12.09599816 74.09379898 13.0459988 0 P 0
L 74.09379898 20.80099726 74.09379898 21.7509979 0 P 0
L 74.27030104 7.0489953 74.27030104 7.99899594 0 P 0
L 74.27030104 15.7539944 74.27030104 16.70399504 0 P 0
L 74.27030104 24.4589935 74.27030104 25.40899414 0 P 0
L 74.50000594 54.57500134 74.50000594 55.52499944 0 P 0
L 75.05000738 53.85000152 75.05000738 56.2500018 0 P 0
L 75.29379912 3.31600048 75.29379912 4.41600082 0 P 0
L 75.29379912 12.02099958 75.29379912 13.12099992 0 P 0
L 75.29379912 20.72599868 75.29379912 21.82599902 0 P 0
L 75.4500015 53.85000152 75.4500015 56.2500018 0 P 0
L 75.4500015 53.85000152 76.55000184 53.85000152 0 P 0
L 75.4500015 56.2500018 76.55000184 56.2500018 0 P 0
L 75.47030118 6.97399418 75.47030118 8.07399452 0 P 0
L 75.47030118 15.67899328 75.47030118 16.77899362 0 P 0
L 75.47030118 24.38399238 75.47030118 25.48399272 0 P 0
L 75.52500008 55.05000166 76.47500072 55.05000166 0 P 0
L 76.0000004 54.57500134 76.0000004 55.52499944 0 P 0
L 76.55000184 53.85000152 76.55000184 56.2500018 0 P 0
L 77.25000806 27.51699856 77.25000806 28.6169989 0 P 0
L 77.25000806 27.51699856 79.65000834 27.51699856 0 P 0
L 77.25000806 28.6169989 79.65000834 28.6169989 0 P 0
L 77.37499892 60.95000002 77.37499892 63.34999776 0 P 0
L 77.37499892 60.95000002 78.47499926 60.95000002 0 P 0
L 77.37499892 63.34999776 78.47499926 63.34999776 0 P 0
L 77.4499975 62.15000016 78.39999814 62.15000016 0 P 0
L 77.92499782 61.67499984 77.92499782 62.62499794 0 P 0
L 77.97500788 28.067 78.92500598 28.067 0 P 0
L 78.4500082 27.59199968 78.4500082 28.54200032 0 P 0
L 78.47499926 60.95000002 78.47499926 63.34999776 0 P 0
L 78.87595858 46.67349822 78.87595858 49.0734985 0 P 0
L 78.87595858 46.67349822 79.97595892 46.67349822 0 P 0
L 78.87595858 49.0734985 79.97595892 49.0734985 0 P 0
L 78.9509597 47.87349836 79.90096034 47.87349836 0 P 0
L 79.20001178 53.85000152 79.20001178 56.2500018 0 P 0
L 79.20001178 53.85000152 80.30001212 53.85000152 0 P 0
L 79.20001178 56.2500018 80.30001212 56.2500018 0 P 0
L 79.27501036 55.05000166 80.225011 55.05000166 0 P 0
L 79.42596002 47.39850058 79.42596002 48.34849868 0 P 0
L 79.65000834 27.51699856 79.65000834 28.6169989 0 P 0
L 79.75001068 54.57500134 79.75001068 55.52499944 0 P 0
L 79.97595892 46.67349822 79.97595892 49.0734985 0 P 0
L 80.30001212 53.85000152 80.30001212 56.2500018 0 P 0
L 80.52500786 27.5170011 80.52500786 28.61700144 0 P 0
L 80.52500786 27.5170011 82.9250056 27.5170011 0 P 0
L 80.52500786 28.61700144 82.9250056 28.61700144 0 P 0
L 81.1006379 46.67350076 81.1006379 49.0734985 0 P 0
L 81.1006379 46.67350076 82.20063824 46.67350076 0 P 0
L 81.1006379 49.0734985 82.20063824 49.0734985 0 P 0
L 81.17563902 47.87349836 82.12563966 47.87349836 0 P 0
L 81.25000768 28.067 82.20000578 28.067 0 P 0
L 81.65063934 47.39850058 81.65063934 48.34849868 0 P 0
L 81.72500546 27.59199968 81.72500546 28.54200032 0 P 0
L 82.20063824 46.67350076 82.20063824 49.0734985 0 P 0
L 82.3000005 0.77499972 82.3000005 1.87500006 0 P 0
L 82.3000005 0.77499972 84.70000078 0.77499972 0 P 0
L 82.3000005 1.87500006 84.70000078 1.87500006 0 P 0
L 82.9250056 27.5170011 82.9250056 28.61700144 0 P 0
L 83.02500032 1.32500116 83.97499842 1.32500116 0 P 0
L 83.2999985 53.84999898 83.2999985 56.24999926 0 P 0
L 83.2999985 53.84999898 84.39999884 53.84999898 0 P 0
L 83.2999985 56.24999926 84.39999884 56.24999926 0 P 0
L 83.32531976 46.67350076 83.32531976 49.07350104 0 P 0
L 83.32531976 46.67350076 84.4253201 46.67350076 0 P 0
L 83.32531976 49.07350104 84.4253201 49.07350104 0 P 0
L 83.37499962 55.04999912 84.32500026 55.04999912 0 P 0
L 83.40031834 47.8735009 84.35031898 47.8735009 0 P 0
L 83.50000064 0.85000084 83.50000064 1.80000148 0 P 0
L 83.72501162 27.51699856 83.72501162 28.6169989 0 P 0
L 83.72501162 27.51699856 86.12500936 27.51699856 0 P 0
L 83.72501162 28.6169989 86.12500936 28.6169989 0 P 0
L 83.84999994 54.57500134 83.84999994 55.52499944 0 P 0
L 83.87531866 47.39850058 83.87531866 48.34849868 0 P 0
L 84.39999884 53.84999898 84.39999884 56.24999926 0 P 0
L 84.4253201 46.67350076 84.4253201 49.07350104 0 P 0
L 84.45001144 28.067 85.40000954 28.067 0 P 0
L 84.70000078 0.77499972 84.70000078 1.87500006 0 P 0
L 84.92501176 27.59199968 84.92501176 28.54200032 0 P 0
L 85.54999654 46.67350076 85.54999654 49.0734985 0 P 0
L 85.54999654 46.67350076 86.64999688 46.67350076 0 P 0
L 85.54999654 49.0734985 86.64999688 49.0734985 0 P 0
L 85.62499766 47.87349836 86.5749983 47.87349836 0 P 0
L 86.09999798 47.39850058 86.09999798 48.34849868 0 P 0
L 86.12500936 27.51699856 86.12500936 28.6169989 0 P 0
L 86.64999688 46.67350076 86.64999688 49.0734985 0 P 0
L 88.1000016 39.67499812 88.1000016 40.77499846 0 P 0
L 88.1000016 39.67499812 90.49999934 39.67499812 0 P 0
L 88.1000016 40.77499846 90.49999934 40.77499846 0 P 0
L 88.1000016 44.12499684 88.1000016 45.22499718 0 P 0
L 88.1000016 44.12499684 90.49999934 44.12499684 0 P 0
L 88.1000016 45.22499718 90.49999934 45.22499718 0 P 0
L 88.82500142 40.22499956 89.77499952 40.22499956 0 P 0
L 88.82500142 44.67499828 89.77499952 44.67499828 0 P 0
L 89.30000174 39.74999924 89.30000174 40.69999988 0 P 0
L 89.30000174 44.19999796 89.30000174 45.1499986 0 P 0
L 90.21250182 56.5500012 90.21250182 57.65000154 0 P 0
L 90.21250182 56.5500012 92.61249956 56.5500012 0 P 0
L 90.21250182 57.65000154 92.61249956 57.65000154 0 P 0
L 90.21250182 58.3775185 90.21250182 59.47751884 0 P 0
L 90.21250182 58.3775185 92.61249956 58.3775185 0 P 0
L 90.21250182 59.47751884 92.61249956 59.47751884 0 P 0
L 90.21250182 64.26249784 90.21250182 65.36249818 0 P 0
L 90.21250182 64.26249784 92.61249956 64.26249784 0 P 0
L 90.21250182 65.36249818 92.61249956 65.36249818 0 P 0
L 90.22724398 51.10476698 90.22724398 52.20476732 0 P 0
L 90.22724398 51.10476698 92.62724172 51.10476698 0 P 0
L 90.22724398 52.20476732 92.62724172 52.20476732 0 P 0
L 90.49999934 39.67499812 90.49999934 40.77499846 0 P 0
L 90.49999934 44.12499684 90.49999934 45.22499718 0 P 0
L 90.5982948 60.1224096 90.5982948 63.6276096 1 P 0
L 90.5982948 60.1224096 90.8506946 60.1224096 1 P 0
L 90.5982948 63.6276096 90.8506946 63.6276096 1 P 0
L 90.8506946 59.8684096 90.8506946 60.1224096 1 P 0
L 90.8506946 59.8684096 92.149295 59.8684096 1 P 0
L 90.8506946 63.6276096 90.8506946 63.8816096 1 P 0
L 90.8506946 63.8816096 92.149295 63.8816096 1 P 0
L 90.93750164 57.10000264 91.88749974 57.10000264 0 P 0
L 90.93750164 58.92751994 91.88749974 58.92751994 0 P 0
L 90.93750164 64.81249928 91.88749974 64.81249928 0 P 0
L 90.9522438 51.65476842 91.9022419 51.65476842 0 P 0
L 91.07499946 39.67500066 91.07499946 40.775001 0 P 0
L 91.07499946 39.67500066 93.47499974 39.67500066 0 P 0
L 91.07499946 40.775001 93.47499974 40.775001 0 P 0
L 91.07499946 44.12499938 91.07499946 45.22499972 0 P 0
L 91.07499946 44.12499938 93.47499974 44.12499938 0 P 0
L 91.07499946 45.22499972 93.47499974 45.22499972 0 P 0
L 91.41250196 56.62500232 91.41250196 57.57500296 0 P 0
L 91.41250196 58.45251962 91.41250196 59.40252026 0 P 0
L 91.41250196 64.33749896 91.41250196 65.2874996 0 P 0
L 91.42724412 51.1797681 91.42724412 52.12976874 0 P 0
L 91.80000182 40.22499956 92.74999992 40.22499956 0 P 0
L 91.80000182 44.67499828 92.74999992 44.67499828 0 P 0
L 92.149295 59.8684096 92.149295 60.1224096 1 P 0
L 92.149295 60.1224096 92.4016948 60.1224096 1 P 0
L 92.149295 63.6276096 92.149295 63.8816096 1 P 0
L 92.149295 63.6276096 92.4016948 63.6276096 1 P 0
L 92.2749996 39.74999924 92.2749996 40.69999988 0 P 0
L 92.2749996 44.19999796 92.2749996 45.1499986 0 P 0
L 92.39999808 29.44599902 92.39999808 31.8459993 0 P 0
L 92.39999808 29.44599902 93.49999842 29.44599902 0 P 0
L 92.39999808 31.8459993 93.49999842 31.8459993 0 P 0
L 92.4016948 60.1224096 92.4016948 63.6276096 1 P 0
L 92.47499666 30.64599916 93.4249973 30.64599916 0 P 0
L 92.61249956 56.5500012 92.61249956 57.65000154 0 P 0
L 92.61249956 58.3775185 92.61249956 59.47751884 0 P 0
L 92.61249956 64.26249784 92.61249956 65.36249818 0 P 0
L 92.62724172 51.10476698 92.62724172 52.20476732 0 P 0
L 92.94999698 30.17099884 92.94999698 31.12099694 0 P 0
L 93.24999638 53.07501196 93.24999638 54.1750123 0 P 0
L 93.24999638 53.07501196 95.64999666 53.07501196 0 P 0
L 93.24999638 54.1750123 95.64999666 54.1750123 0 P 0
L 93.24999638 54.57500896 93.24999638 55.6750093 0 P 0
L 93.24999638 54.57500896 95.64999666 54.57500896 0 P 0
L 93.24999638 55.6750093 95.64999666 55.6750093 0 P 0
L 93.24999638 60.5750122 93.24999638 61.67501254 0 P 0
L 93.24999638 60.5750122 95.64999666 60.5750122 0 P 0
L 93.24999638 61.67501254 95.64999666 61.67501254 0 P 0
L 93.24999638 62.07500666 93.24999638 63.175007 0 P 0
L 93.24999638 62.07500666 95.64999666 62.07500666 0 P 0
L 93.24999638 63.175007 95.64999666 63.175007 0 P 0
L 93.29999628 51.5750175 93.29999628 52.67501784 0 P 0
L 93.29999628 51.5750175 95.69999402 51.5750175 0 P 0
L 93.29999628 52.67501784 95.69999402 52.67501784 0 P 0
L 93.29999628 57.07501158 93.29999628 58.17501192 0 P 0
L 93.29999628 57.07501158 95.69999402 57.07501158 0 P 0
L 93.29999628 58.17501192 95.69999402 58.17501192 0 P 0
L 93.29999882 50.07501034 93.29999882 51.17501068 0 P 0
L 93.29999882 50.07501034 95.6999991 50.07501034 0 P 0
L 93.29999882 51.17501068 95.6999991 51.17501068 0 P 0
L 93.47499974 39.67500066 93.47499974 40.775001 0 P 0
L 93.47499974 44.12499938 93.47499974 45.22499972 0 P 0
L 93.49999842 29.44599902 93.49999842 31.8459993 0 P 0
L 93.9749962 53.6250134 94.9249943 53.6250134 0 P 0
L 93.9749962 55.1250104 94.9249943 55.1250104 0 P 0
L 93.9749962 61.12501364 94.9249943 61.12501364 0 P 0
L 93.9749962 62.6250081 94.9249943 62.6250081 0 P 0
L 94.0249961 52.12501894 94.9749942 52.12501894 0 P 0
L 94.0249961 57.62501302 94.9749942 57.62501302 0 P 0
L 94.02499864 50.62501178 94.97499674 50.62501178 0 P 0
L 94.44999652 53.15001308 94.44999652 54.10001372 0 P 0
L 94.44999652 54.65001008 94.44999652 55.60001072 0 P 0
L 94.44999652 60.65001332 94.44999652 61.60001396 0 P 0
L 94.44999652 62.15000778 94.44999652 63.10000842 0 P 0
L 94.49999642 51.65001862 94.49999642 52.60001926 0 P 0
L 94.49999642 57.1500127 94.49999642 58.10001334 0 P 0
L 94.49999896 50.15001146 94.49999896 51.1000121 0 P 0
L 95.64999666 53.07501196 95.64999666 54.1750123 0 P 0
L 95.64999666 54.57500896 95.64999666 55.6750093 0 P 0
L 95.64999666 60.5750122 95.64999666 61.67501254 0 P 0
L 95.64999666 62.07500666 95.64999666 63.175007 0 P 0
L 95.69999402 51.5750175 95.69999402 52.67501784 0 P 0
L 95.69999402 57.07501158 95.69999402 58.17501192 0 P 0
L 95.6999991 50.07501034 95.6999991 51.17501068 0 P 0
L 95.9499986 4.82500178 95.9499986 7.22500206 0 P 0
L 95.9499986 4.82500178 97.04999894 4.82500178 0 P 0
L 95.9499986 7.22500206 97.04999894 7.22500206 0 P 0
L 95.9499986 7.77499842 95.9499986 10.17499616 0 P 0
L 95.9499986 7.77499842 97.04999894 7.77499842 0 P 0
L 95.9499986 10.17499616 97.04999894 10.17499616 0 P 0
L 95.9499986 16.3249991 95.9499986 18.72499938 0 P 0
L 95.9499986 16.3249991 97.04999894 16.3249991 0 P 0
L 95.9499986 18.72499938 97.04999894 18.72499938 0 P 0
L 95.9499986 19.27499574 95.9499986 21.67499348 0 P 0
L 95.9499986 19.27499574 97.04999894 19.27499574 0 P 0
L 95.9499986 21.67499348 97.04999894 21.67499348 0 P 0
L 95.95000114 1.82501032 95.95000114 4.2250106 0 P 0
L 95.95000114 1.82501032 97.05000148 1.82501032 0 P 0
L 95.95000114 4.2250106 97.05000148 4.2250106 0 P 0
L 95.95000114 13.32500764 95.95000114 15.72500792 0 P 0
L 95.95000114 13.32500764 97.05000148 13.32500764 0 P 0
L 95.95000114 15.72500792 97.05000148 15.72500792 0 P 0
L 96.02499972 3.02501046 96.97500036 3.02501046 0 P 0
L 96.02499972 6.02500192 96.97500036 6.02500192 0 P 0
L 96.02499972 8.97499602 96.97500036 8.97499602 0 P 0
L 96.02499972 14.52500778 96.97500036 14.52500778 0 P 0
L 96.02499972 17.52499924 96.97500036 17.52499924 0 P 0
L 96.02499972 20.47499334 96.97500036 20.47499334 0 P 0
L 96.34219492 47.46731172 96.34219492 66.28271224 1 P 0
L 96.34219492 47.46731172 97.89549382 47.46731172 1 P 0
L 96.34219492 66.28271224 97.89549382 66.28271224 1 P 0
L 96.50000004 2.55001014 96.50000004 3.50000824 0 P 0
L 96.50000004 5.55000414 96.50000004 6.50000224 0 P 0
L 96.50000004 8.49999824 96.50000004 9.44999634 0 P 0
L 96.50000004 14.05000746 96.50000004 15.00000556 0 P 0
L 96.50000004 17.05000146 96.50000004 17.99999956 0 P 0
L 96.50000004 19.99999556 96.50000004 20.94999366 0 P 0
L 96.65004292 26.60000268 96.65004292 29.00000296 0 P 0
L 96.65004292 26.60000268 97.75004326 26.60000268 0 P 0
L 96.65004292 29.00000296 97.75004326 29.00000296 0 P 0
L 96.7250415 27.80000282 97.67504214 27.80000282 0 P 0
L 97.04999894 4.82500178 97.04999894 7.22500206 0 P 0
L 97.04999894 7.77499842 97.04999894 10.17499616 0 P 0
L 97.04999894 16.3249991 97.04999894 18.72499938 0 P 0
L 97.04999894 19.27499574 97.04999894 21.67499348 0 P 0
L 97.05000148 1.82501032 97.05000148 4.2250106 0 P 0
L 97.05000148 13.32500764 97.05000148 15.72500792 0 P 0
L 97.20004182 27.3250025 97.20004182 28.2750006 0 P 0
L 97.69999764 69.67501178 97.69999764 72.07500952 0 P 0
L 97.69999764 69.67501178 98.79999798 69.67501178 0 P 0
L 97.69999764 72.07500952 98.79999798 72.07500952 0 P 0
L 97.75004326 26.60000268 97.75004326 29.00000296 0 P 0
L 97.77499876 70.87500938 98.7249994 70.87500938 0 P 0
L 97.89549382 46.27051198 97.89549382 47.46731172 1 P 0
L 97.89549382 46.27051198 99.09229356 46.27051198 1 P 0
L 97.89549382 66.28271224 97.89549382 67.47951198 1 P 0
L 97.89549382 67.47951198 99.09229356 67.47951198 1 P 0
L 98.15003484 26.60000014 98.15003484 29.00000042 0 P 0
L 98.15003484 26.60000014 99.25003518 26.60000014 0 P 0
L 98.15003484 29.00000042 99.25003518 29.00000042 0 P 0
L 98.22503596 27.80000028 99.1750366 27.80000028 0 P 0
L 98.24999908 70.4000116 98.24999908 71.3500097 0 P 0
L 98.70003628 27.3250025 98.70003628 28.2750006 0 P 0
L 98.79999798 69.67501178 98.79999798 72.07500952 0 P 0
L 99.09229356 44.71721308 99.09229356 46.27051198 1 P 0
L 99.09229356 44.71721308 117.90769408 44.71721308 1 P 0
L 99.09229356 67.47951198 99.09229356 69.03281088 1 P 0
L 99.09229356 69.03281088 117.90769408 69.03281088 1 P 0
L 99.1999921 69.67500924 99.1999921 72.07500952 0 P 0
L 99.1999921 69.67500924 100.29999244 69.67500924 0 P 0
L 99.1999921 72.07500952 100.29999244 72.07500952 0 P 0
L 99.25003518 26.60000014 99.25003518 29.00000042 0 P 0
L 99.27499322 70.87500938 100.22499386 70.87500938 0 P 0
L 99.65003184 26.60000268 99.65003184 29.00000296 0 P 0
L 99.65003184 26.60000268 100.75003218 26.60000268 0 P 0
L 99.65003184 29.00000296 100.75003218 29.00000296 0 P 0
L 99.70000126 41.67501444 99.70000126 44.07501218 0 P 0
L 99.70000126 41.67501444 100.8000016 41.67501444 0 P 0
L 99.70000126 44.07501218 100.8000016 44.07501218 0 P 0
L 99.72503042 27.80000282 100.67503106 27.80000282 0 P 0
L 99.74999354 70.4000116 99.74999354 71.3500097 0 P 0
L 99.77499984 42.87501458 100.72500048 42.87501458 0 P 0
L 100.20003074 27.3250025 100.20003074 28.2750006 0 P 0
L 100.25000016 42.40001426 100.25000016 43.35001236 0 P 0
L 100.29999244 69.67500924 100.29999244 72.07500952 0 P 0
L 100.6999891 69.67501178 100.6999891 72.07501206 0 P 0
L 100.6999891 69.67501178 101.79998944 69.67501178 0 P 0
L 100.6999891 72.07501206 101.79998944 72.07501206 0 P 0
L 100.75003218 26.60000268 100.75003218 29.00000296 0 P 0
L 100.77498768 70.87501192 101.72498832 70.87501192 0 P 0
L 100.8000016 41.67501444 100.8000016 44.07501218 0 P 0
L 101.15002376 26.60000014 101.15002376 29.00000042 0 P 0
L 101.15002376 26.60000014 102.2500241 26.60000014 0 P 0
L 101.15002376 29.00000042 102.2500241 29.00000042 0 P 0
L 101.19999318 41.625012 101.19999318 44.02501228 0 P 0
L 101.19999318 41.625012 102.29999352 41.625012 0 P 0
L 101.19999318 44.02501228 102.29999352 44.02501228 0 P 0
L 101.22502488 27.80000028 102.17502552 27.80000028 0 P 0
L 101.249988 70.4000116 101.249988 71.3500097 0 P 0
L 101.2749943 42.82501214 102.22499494 42.82501214 0 P 0
L 101.7000252 27.3250025 101.7000252 28.2750006 0 P 0
L 101.74999462 42.35001436 101.74999462 43.30001246 0 P 0
L 101.79998944 69.67501178 101.79998944 72.07501206 0 P 0
L 102.19998356 69.67501178 102.19998356 72.07501206 0 P 0
L 102.19998356 69.67501178 103.2999839 69.67501178 0 P 0
L 102.19998356 72.07501206 103.2999839 72.07501206 0 P 0
L 102.2500241 26.60000014 102.2500241 29.00000042 0 P 0
L 102.27498214 70.87501192 103.22498278 70.87501192 0 P 0
L 102.29999352 41.625012 102.29999352 44.02501228 0 P 0
L 102.65002076 26.60000268 102.65002076 29.00000296 0 P 0
L 102.65002076 26.60000268 103.7500211 26.60000268 0 P 0
L 102.65002076 29.00000296 103.7500211 29.00000296 0 P 0
L 102.72501934 27.80000282 103.67501998 27.80000282 0 P 0
L 102.74998246 70.4000116 102.74998246 71.3500097 0 P 0
L 103.20001966 27.3250025 103.20001966 28.2750006 0 P 0
L 103.2999839 69.67501178 103.2999839 72.07501206 0 P 0
L 103.7500211 26.60000268 103.7500211 29.00000296 0 P 0
L 104.15001268 26.60000014 104.15001268 29.00000042 0 P 0
L 104.15001268 26.60000014 105.25001302 26.60000014 0 P 0
L 104.15001268 29.00000042 105.25001302 29.00000042 0 P 0
L 104.19999226 69.67500924 104.19999226 72.07500952 0 P 0
L 104.19999226 69.67500924 105.2999926 69.67500924 0 P 0
L 104.19999226 72.07500952 105.2999926 72.07500952 0 P 0
L 104.2250138 27.80000028 105.17501444 27.80000028 0 P 0
L 104.27499338 70.87500938 105.22499402 70.87500938 0 P 0
L 104.70001412 27.3250025 104.70001412 28.2750006 0 P 0
L 104.7499937 70.4000116 104.7499937 71.3500097 0 P 0
L 105.25001302 26.60000014 105.25001302 29.00000042 0 P 0
L 105.2999926 69.67500924 105.2999926 72.07500952 0 P 0
L 105.65000968 26.60000268 105.65000968 29.00000296 0 P 0
L 105.65000968 26.60000268 106.75001002 26.60000268 0 P 0
L 105.65000968 29.00000296 106.75001002 29.00000296 0 P 0
L 105.6999918 69.67501178 105.6999918 72.07500952 0 P 0
L 105.6999918 69.67501178 106.79999214 69.67501178 0 P 0
L 105.6999918 72.07500952 106.79999214 72.07500952 0 P 0
L 105.72500826 27.80000282 106.6750089 27.80000282 0 P 0
L 105.77499292 70.87500938 106.72499356 70.87500938 0 P 0
L 106.20000858 27.3250025 106.20000858 28.2750006 0 P 0
L 106.24999324 70.4000116 106.24999324 71.3500097 0 P 0
L 106.69999488 41.67501444 106.69999488 44.07501218 0 P 0
L 106.69999488 41.67501444 107.79999522 41.67501444 0 P 0
L 106.69999488 44.07501218 107.79999522 44.07501218 0 P 0
L 106.75001002 26.60000268 106.75001002 29.00000296 0 P 0
L 106.77499346 42.87501458 107.7249941 42.87501458 0 P 0
L 106.79999214 69.67501178 106.79999214 72.07500952 0 P 0
L 107.1500016 26.60000014 107.1500016 29.00000042 0 P 0
L 107.1500016 26.60000014 108.25000194 26.60000014 0 P 0
L 107.1500016 29.00000042 108.25000194 29.00000042 0 P 0
L 107.1999888 69.67501178 107.1999888 72.07501206 0 P 0
L 107.1999888 69.67501178 108.29998914 69.67501178 0 P 0
L 107.1999888 72.07501206 108.29998914 72.07501206 0 P 0
L 107.22500272 27.80000028 108.17500336 27.80000028 0 P 0
L 107.24999378 42.40001426 107.24999378 43.35001236 0 P 0
L 107.27498738 70.87501192 108.22498802 70.87501192 0 P 0
L 107.70000304 27.3250025 107.70000304 28.2750006 0 P 0
L 107.7499877 70.4000116 107.7499877 71.3500097 0 P 0
L 107.79999522 41.67501444 107.79999522 44.07501218 0 P 0
L 108.25000194 26.60000014 108.25000194 29.00000042 0 P 0
L 108.29998914 69.67501178 108.29998914 72.07501206 0 P 0
L 108.6499986 26.60000268 108.6499986 29.00000296 0 P 0
L 108.6499986 26.60000268 109.74999894 26.60000268 0 P 0
L 108.6499986 29.00000296 109.74999894 29.00000296 0 P 0
L 108.69998326 69.67501178 108.69998326 72.07501206 0 P 0
L 108.69998326 69.67501178 109.7999836 69.67501178 0 P 0
L 108.69998326 72.07501206 109.7999836 72.07501206 0 P 0
L 108.72499718 27.80000282 109.67499782 27.80000282 0 P 0
L 108.77498184 70.87501192 109.72498248 70.87501192 0 P 0
L 109.1999975 27.3250025 109.1999975 28.2750006 0 P 0
L 109.24998216 70.4000116 109.24998216 71.3500097 0 P 0
L 109.74999894 26.60000268 109.74999894 29.00000296 0 P 0
L 109.7999836 69.67501178 109.7999836 72.07501206 0 P 0
L 110.14999052 26.60000014 110.14999052 29.00000042 0 P 0
L 110.14999052 26.60000014 111.24999086 26.60000014 0 P 0
L 110.14999052 29.00000042 111.24999086 29.00000042 0 P 0
L 110.22499164 27.80000028 111.17499228 27.80000028 0 P 0
L 110.69999196 27.3250025 110.69999196 28.2750006 0 P 0
L 110.69999196 69.67501178 110.69999196 72.07500952 0 P 0
L 110.69999196 69.67501178 111.7999923 69.67501178 0 P 0
L 110.69999196 72.07500952 111.7999923 72.07500952 0 P 0
L 110.77499308 70.87500938 111.72499372 70.87500938 0 P 0
L 111.24999086 26.60000014 111.24999086 29.00000042 0 P 0
L 111.2499934 70.4000116 111.2499934 71.3500097 0 P 0
L 111.64998752 26.60000268 111.64998752 29.00000296 0 P 0
L 111.64998752 26.60000268 112.74998786 26.60000268 0 P 0
L 111.64998752 29.00000296 112.74998786 29.00000296 0 P 0
L 111.69999504 41.67501444 111.69999504 44.07501218 0 P 0
L 111.69999504 41.67501444 112.79999538 41.67501444 0 P 0
L 111.69999504 44.07501218 112.79999538 44.07501218 0 P 0
L 111.7249861 27.80000282 112.67498674 27.80000282 0 P 0
L 111.77499362 42.87501458 112.72499426 42.87501458 0 P 0
L 111.7999923 69.67501178 111.7999923 72.07500952 0 P 0
L 112.19998642 27.3250025 112.19998642 28.2750006 0 P 0
L 112.19998896 69.67501178 112.19998896 72.07501206 0 P 0
L 112.19998896 69.67501178 113.2999893 69.67501178 0 P 0
L 112.19998896 72.07501206 113.2999893 72.07501206 0 P 0
L 112.24999394 42.40001426 112.24999394 43.35001236 0 P 0
L 112.25000156 4.82499924 112.25000156 7.22499952 0 P 0
L 112.25000156 4.82499924 113.3500019 4.82499924 0 P 0
L 112.25000156 7.22499952 113.3500019 7.22499952 0 P 0
L 112.25000156 7.77499588 112.25000156 10.17499362 0 P 0
L 112.25000156 7.77499588 113.3500019 7.77499588 0 P 0
L 112.25000156 10.17499362 113.3500019 10.17499362 0 P 0
L 112.25000156 16.3249991 112.25000156 18.72499938 0 P 0
L 112.25000156 16.3249991 113.3500019 16.3249991 0 P 0
L 112.25000156 18.72499938 113.3500019 18.72499938 0 P 0
L 112.25000156 19.27499574 112.25000156 21.67499348 0 P 0
L 112.25000156 19.27499574 113.3500019 19.27499574 0 P 0
L 112.25000156 21.67499348 113.3500019 21.67499348 0 P 0
L 112.2500041 1.82500778 112.2500041 4.22500806 0 P 0
L 112.2500041 1.82500778 113.35000444 1.82500778 0 P 0
L 112.2500041 4.22500806 113.35000444 4.22500806 0 P 0
L 112.2500041 13.32500764 112.2500041 15.72500792 0 P 0
L 112.2500041 13.32500764 113.35000444 13.32500764 0 P 0
L 112.2500041 15.72500792 113.35000444 15.72500792 0 P 0
L 112.27498754 70.87501192 113.22498818 70.87501192 0 P 0
L 112.32500268 3.02500792 113.27500332 3.02500792 0 P 0
L 112.32500268 6.02499938 113.27500332 6.02499938 0 P 0
L 112.32500268 8.97499348 113.27500332 8.97499348 0 P 0
L 112.32500268 14.52500778 113.27500332 14.52500778 0 P 0
L 112.32500268 17.52499924 113.27500332 17.52499924 0 P 0
L 112.32500268 20.47499334 113.27500332 20.47499334 0 P 0
L 112.74998786 26.60000268 112.74998786 29.00000296 0 P 0
L 112.74998786 70.4000116 112.74998786 71.3500097 0 P 0
L 112.79999538 41.67501444 112.79999538 44.07501218 0 P 0
L 112.800003 2.5500076 112.800003 3.5000057 0 P 0
L 112.800003 5.5500016 112.800003 6.4999997 0 P 0
L 112.800003 8.4999957 112.800003 9.4499938 0 P 0
L 112.800003 14.05000746 112.800003 15.00000556 0 P 0
L 112.800003 17.05000146 112.800003 17.99999956 0 P 0
L 112.800003 19.99999556 112.800003 20.94999366 0 P 0
L 113.14997944 26.60000014 113.14997944 29.00000042 0 P 0
L 113.14997944 26.60000014 114.24997978 26.60000014 0 P 0
L 113.14997944 29.00000042 114.24997978 29.00000042 0 P 0
L 113.22498056 27.80000028 114.1749812 27.80000028 0 P 0
L 113.2999893 69.67501178 113.2999893 72.07501206 0 P 0
L 113.3500019 4.82499924 113.3500019 7.22499952 0 P 0
L 113.3500019 7.77499588 113.3500019 10.17499362 0 P 0
L 113.3500019 16.3249991 113.3500019 18.72499938 0 P 0
L 113.3500019 19.27499574 113.3500019 21.67499348 0 P 0
L 113.35000444 1.82500778 113.35000444 4.22500806 0 P 0
L 113.35000444 13.32500764 113.35000444 15.72500792 0 P 0
L 113.69998088 27.3250025 113.69998088 28.2750006 0 P 0
L 114.24997978 26.60000014 114.24997978 29.00000042 0 P 0
L 114.64997644 26.60000268 114.64997644 29.00000296 0 P 0
L 114.64997644 26.60000268 115.74997678 26.60000268 0 P 0
L 114.64997644 29.00000296 115.74997678 29.00000296 0 P 0
L 114.72497502 27.80000282 115.67497566 27.80000282 0 P 0
L 115.19997534 27.3250025 115.19997534 28.2750006 0 P 0
L 115.19999566 69.67501178 115.19999566 72.07501206 0 P 0
L 115.19999566 69.67501178 116.299996 69.67501178 0 P 0
L 115.19999566 72.07501206 116.299996 72.07501206 0 P 0
L 115.27499424 70.87501192 116.22499488 70.87501192 0 P 0
L 115.74997678 26.60000268 115.74997678 29.00000296 0 P 0
L 115.74999456 70.4000116 115.74999456 71.3500097 0 P 0
L 116.14996836 26.60000014 116.14996836 29.00000042 0 P 0
L 116.14996836 26.60000014 117.2499687 26.60000014 0 P 0
L 116.14996836 29.00000042 117.2499687 29.00000042 0 P 0
L 116.22496948 27.80000028 117.17497012 27.80000028 0 P 0
L 116.299996 69.67501178 116.299996 72.07501206 0 P 0
L 116.6999698 27.3250025 116.6999698 28.2750006 0 P 0
L 116.69999012 69.67501178 116.69999012 72.07501206 0 P 0
L 116.69999012 69.67501178 117.79999046 69.67501178 0 P 0
L 116.69999012 72.07501206 117.79999046 72.07501206 0 P 0
L 116.6999952 41.67501444 116.6999952 44.07501218 0 P 0
L 116.6999952 41.67501444 117.79999554 41.67501444 0 P 0
L 116.6999952 44.07501218 117.79999554 44.07501218 0 P 0
L 116.7749887 70.87501192 117.72498934 70.87501192 0 P 0
L 116.77499378 42.87501458 117.72499442 42.87501458 0 P 0
L 117.2499687 26.60000014 117.2499687 29.00000042 0 P 0
L 117.24998902 70.4000116 117.24998902 71.3500097 0 P 0
L 117.2499941 42.40001426 117.2499941 43.35001236 0 P 0
L 117.64996536 26.60000268 117.64996536 29.00000296 0 P 0
L 117.64996536 26.60000268 118.7499657 26.60000268 0 P 0
L 117.64996536 29.00000296 118.7499657 29.00000296 0 P 0
L 117.6500187 14.71851006 117.6500187 17.1185078 0 P 0
L 117.6500187 14.71851006 118.75001904 14.71851006 0 P 0
L 117.6500187 17.1185078 118.75001904 17.1185078 0 P 0
L 117.72496394 27.80000282 118.67496458 27.80000282 0 P 0
L 117.72501982 15.91850766 118.67502046 15.91850766 0 P 0
L 117.79999046 69.67501178 117.79999046 72.07501206 0 P 0
L 117.79999554 41.67501444 117.79999554 44.07501218 0 P 0
L 117.90769408 44.71721308 117.90769408 46.27051198 1 P 0
L 117.90769408 46.27051198 119.10449382 46.27051198 1 P 0
L 117.90769408 67.47951198 117.90769408 69.03281088 1 P 0
L 117.90769408 67.47951198 119.10449382 67.47951198 1 P 0
L 118.19996426 27.3250025 118.19996426 28.2750006 0 P 0
L 118.20002014 15.44350988 118.20002014 16.39350798 0 P 0
L 118.7499657 26.60000268 118.7499657 29.00000296 0 P 0
L 118.75001904 14.71851006 118.75001904 17.1185078 0 P 0
L 119.10449382 46.27051198 119.10449382 47.46731172 1 P 0
L 119.10449382 47.46731172 120.65779272 47.46731172 1 P 0
L 119.10449382 66.28271224 119.10449382 67.47951198 1 P 0
L 119.10449382 66.28271224 120.65779272 66.28271224 1 P 0
L 119.14995728 26.60000014 119.14995728 29.00000042 0 P 0
L 119.14995728 26.60000014 120.24995762 26.60000014 0 P 0
L 119.14995728 29.00000042 120.24995762 29.00000042 0 P 0
L 119.2249584 27.80000028 120.17495904 27.80000028 0 P 0
L 119.69995872 27.3250025 119.69995872 28.2750006 0 P 0
L 120.19649824 9.78701624 120.19649824 10.88701658 0 P 0
L 120.19649824 9.78701624 122.59649852 9.78701624 0 P 0
L 120.19649824 10.88701658 122.59649852 10.88701658 0 P 0
L 120.19649824 20.95000128 120.19649824 22.05000162 0 P 0
L 120.19649824 20.95000128 122.59649852 20.95000128 0 P 0
L 120.19649824 22.05000162 122.59649852 22.05000162 0 P 0
L 120.19650078 11.28701324 120.19650078 12.38701358 0 P 0
L 120.19650078 11.28701324 122.59650106 11.28701324 0 P 0
L 120.19650078 12.38701358 122.59650106 12.38701358 0 P 0
L 120.19650078 19.4499992 120.19650078 20.54999954 0 P 0
L 120.19650078 19.4499992 122.59650106 19.4499992 0 P 0
L 120.19650078 20.54999954 122.59650106 20.54999954 0 P 0
L 120.24995762 26.60000014 120.24995762 29.00000042 0 P 0
L 120.65779272 47.46731172 120.65779272 66.28271224 1 P 0
L 120.9215006 10.33701514 121.8714987 10.33701514 0 P 0
L 120.9215006 11.83701468 121.8714987 11.83701468 0 P 0
L 120.9215006 20.00000064 121.8714987 20.00000064 0 P 0
L 120.9215006 21.50000018 121.8714987 21.50000018 0 P 0
L 121.29999362 53.07501196 121.29999362 54.1750123 0 P 0
L 121.29999362 53.07501196 123.69999136 53.07501196 0 P 0
L 121.29999362 54.1750123 123.69999136 54.1750123 0 P 0
L 121.29999362 58.57501366 121.29999362 59.675014 0 P 0
L 121.29999362 58.57501366 123.69999136 58.57501366 0 P 0
L 121.29999362 59.675014 123.69999136 59.675014 0 P 0
L 121.29999362 65.07501336 121.29999362 66.1750137 0 P 0
L 121.29999362 65.07501336 123.69999136 65.07501336 0 P 0
L 121.29999362 66.1750137 123.69999136 66.1750137 0 P 0
L 121.34999098 63.07499704 121.34999098 64.17499738 0 P 0
L 121.34999098 63.07499704 123.74999126 63.07499704 0 P 0
L 121.34999098 64.17499738 123.74999126 64.17499738 0 P 0
L 121.34999352 60.07500558 121.34999352 61.17500592 0 P 0
L 121.34999352 60.07500558 123.7499938 60.07500558 0 P 0
L 121.34999352 61.17500592 123.7499938 61.17500592 0 P 0
L 121.34999352 61.57500004 121.34999352 62.67500038 0 P 0
L 121.34999352 61.57500004 123.7499938 61.57500004 0 P 0
L 121.34999352 62.67500038 123.7499938 62.67500038 0 P 0
L 121.39649838 9.86201482 121.39649838 10.81201546 0 P 0
L 121.39649838 21.02499986 121.39649838 21.9750005 0 P 0
L 121.39650092 11.36201436 121.39650092 12.312015 0 P 0
L 121.39650092 19.52500032 121.39650092 20.47500096 0 P 0
L 122.02499344 53.62501086 122.97499154 53.62501086 0 P 0
L 122.02499344 59.12501256 122.97499154 59.12501256 0 P 0
L 122.02499344 65.62501226 122.97499154 65.62501226 0 P 0
L 122.07499334 60.62500702 123.02499144 60.62500702 0 P 0
L 122.07499334 62.12500148 123.02499144 62.12500148 0 P 0
L 122.07499334 63.62499594 123.02499144 63.62499594 0 P 0
L 122.49999122 53.15001054 122.49999122 54.10001118 0 P 0
L 122.49999122 58.65001224 122.49999122 59.60001288 0 P 0
L 122.49999122 65.15001194 122.49999122 66.10001258 0 P 0
L 122.54999112 63.14999562 122.54999112 64.09999626 0 P 0
L 122.54999366 60.1500067 122.54999366 61.10000734 0 P 0
L 122.54999366 61.65000116 122.54999366 62.6000018 0 P 0
L 122.59649852 9.78701624 122.59649852 10.88701658 0 P 0
L 122.59649852 20.95000128 122.59649852 22.05000162 0 P 0
L 122.59650106 11.28701324 122.59650106 12.38701358 0 P 0
L 122.59650106 19.4499992 122.59650106 20.54999954 0 P 0
L 123.69999136 53.07501196 123.69999136 54.1750123 0 P 0
L 123.69999136 58.57501366 123.69999136 59.675014 0 P 0
L 123.69999136 65.07501336 123.69999136 66.1750137 0 P 0
L 123.74999126 63.07499704 123.74999126 64.17499738 0 P 0
L 123.7499938 60.07500558 123.7499938 61.17500592 0 P 0
L 123.7499938 61.57500004 123.7499938 62.67500038 0 P 0
L 124.0465007 9.78701624 124.0465007 10.88701658 0 P 0
L 124.0465007 9.78701624 126.44649844 9.78701624 0 P 0
L 124.0465007 10.88701658 126.44649844 10.88701658 0 P 0
L 124.09649806 11.28701578 124.09649806 12.38701612 0 P 0
L 124.09649806 11.28701578 126.49649834 11.28701578 0 P 0
L 124.09649806 12.38701612 126.49649834 12.38701612 0 P 0
L 124.09649806 19.45000174 124.09649806 20.55000208 0 P 0
L 124.09649806 19.45000174 126.49649834 19.45000174 0 P 0
L 124.09649806 20.55000208 126.49649834 20.55000208 0 P 0
L 124.09649806 20.95000128 124.09649806 22.05000162 0 P 0
L 124.09649806 20.95000128 126.49649834 20.95000128 0 P 0
L 124.09649806 22.05000162 126.49649834 22.05000162 0 P 0
L 124.0965006 22.45000082 124.0965006 23.55000116 0 P 0
L 124.0965006 22.45000082 126.49649834 22.45000082 0 P 0
L 124.0965006 23.55000116 126.49649834 23.55000116 0 P 0
L 124.35999258 7.60000004 124.35999258 8.70000038 0 P 0
L 124.35999258 7.60000004 126.75999286 7.60000004 0 P 0
L 124.35999258 8.70000038 126.75999286 8.70000038 0 P 0
L 124.77150052 10.33701514 125.72149862 10.33701514 0 P 0
L 124.82150042 11.83701468 125.77149852 11.83701468 0 P 0
L 124.82150042 20.00000064 125.77149852 20.00000064 0 P 0
L 124.82150042 21.50000018 125.77149852 21.50000018 0 P 0
L 124.82150042 22.99999972 125.77149852 22.99999972 0 P 0
L 125.08499494 8.14999894 126.03499304 8.14999894 0 P 0
L 125.2464983 9.86201482 125.2464983 10.81201546 0 P 0
L 125.2964982 11.36201436 125.2964982 12.312015 0 P 0
L 125.2964982 19.52500032 125.2964982 20.47500096 0 P 0
L 125.2964982 21.02499986 125.2964982 21.9750005 0 P 0
L 125.2964982 22.5249994 125.2964982 23.47500004 0 P 0
L 125.55999272 7.67499862 125.55999272 8.62499926 0 P 0
L 126.1000018 0.62500256 126.1000018 3.0250003 0 P 0
L 126.1000018 0.62500256 127.20000214 0.62500256 0 P 0
L 126.1000018 3.0250003 127.20000214 3.0250003 0 P 0
L 126.17500038 1.8250027 127.12500102 1.8250027 0 P 0
L 126.44649844 9.78701624 126.44649844 10.88701658 0 P 0
L 126.49649834 11.28701578 126.49649834 12.38701612 0 P 0
L 126.49649834 19.45000174 126.49649834 20.55000208 0 P 0
L 126.49649834 20.95000128 126.49649834 22.05000162 0 P 0
L 126.49649834 22.45000082 126.49649834 23.55000116 0 P 0
L 126.6500007 1.35000238 126.6500007 2.30000048 0 P 0
L 126.75999286 7.60000004 126.75999286 8.70000038 0 P 0
L 127.20000214 0.62500256 127.20000214 3.0250003 0 P 0
L 127.45998892 6.1500004 127.45998892 7.25000074 0 P 0
L 127.45998892 6.1500004 129.8599892 6.1500004 0 P 0
L 127.45998892 7.25000074 129.8599892 7.25000074 0 P 0
L 127.45998892 7.60000004 127.45998892 8.70000038 0 P 0
L 127.45998892 7.60000004 129.8599892 7.60000004 0 P 0
L 127.45998892 8.70000038 129.8599892 8.70000038 0 P 0
L 127.7499985 16.074009 127.7499985 18.47400928 0 P 0
L 127.7499985 16.074009 128.84999884 16.074009 0 P 0
L 127.7499985 18.47400928 128.84999884 18.47400928 0 P 0
L 127.82499708 17.27400914 128.77499772 17.27400914 0 P 0
L 128.18499128 6.6999993 129.13498938 6.6999993 0 P 0
L 128.18499128 8.14999894 129.13498938 8.14999894 0 P 0
L 128.2999974 16.79900882 128.2999974 17.74900692 0 P 0
L 128.65998906 6.22499898 128.65998906 7.17499962 0 P 0
L 128.65998906 7.67499862 128.65998906 8.62499926 0 P 0
L 128.84999884 16.074009 128.84999884 18.47400928 0 P 0
L 129.29689152 30.4740056 129.29689152 31.57400594 0 P 0
L 129.29689152 30.4740056 131.6968918 30.4740056 0 P 0
L 129.29689152 31.57400594 131.6968918 31.57400594 0 P 0
L 129.29689152 34.67400482 129.29689152 35.77400516 0 P 0
L 129.29689152 34.67400482 131.6968918 34.67400482 0 P 0
L 129.29689152 35.77400516 131.6968918 35.77400516 0 P 0
L 129.29689152 47.67400676 129.29689152 48.7740071 0 P 0
L 129.29689152 47.67400676 131.6968918 47.67400676 0 P 0
L 129.29689152 48.7740071 131.6968918 48.7740071 0 P 0
L 129.29689152 51.87400598 129.29689152 52.97400632 0 P 0
L 129.29689152 51.87400598 131.6968918 51.87400598 0 P 0
L 129.29689152 52.97400632 131.6968918 52.97400632 0 P 0
L 129.29689152 64.87404348 129.29689152 65.97404382 0 P 0
L 129.29689152 64.87404348 131.6968918 64.87404348 0 P 0
L 129.29689152 65.97404382 131.6968918 65.97404382 0 P 0
L 129.29689152 69.05003462 129.29689152 70.15003496 0 P 0
L 129.29689152 69.05003462 131.6968918 69.05003462 0 P 0
L 129.29689152 70.15003496 131.6968918 70.15003496 0 P 0
L 129.29689406 28.54996322 129.29689406 29.64996356 0 P 0
L 129.29689406 28.54996322 131.69689434 28.54996322 0 P 0
L 129.29689406 29.64996356 131.69689434 29.64996356 0 P 0
L 129.29689406 36.59804212 129.29689406 37.69804246 0 P 0
L 129.29689406 36.59804212 131.69689434 36.59804212 0 P 0
L 129.29689406 37.69804246 131.69689434 37.69804246 0 P 0
L 129.29689406 45.74996438 129.29689406 46.84996472 0 P 0
L 129.29689406 45.74996438 131.69689434 45.74996438 0 P 0
L 129.29689406 46.84996472 131.69689434 46.84996472 0 P 0
L 129.29689406 53.79804328 129.29689406 54.89804362 0 P 0
L 129.29689406 53.79804328 131.69689434 53.79804328 0 P 0
L 129.29689406 54.89804362 131.69689434 54.89804362 0 P 0
L 129.29689406 62.9500011 129.29689406 64.05000144 0 P 0
L 129.29689406 62.9500011 131.69689434 62.9500011 0 P 0
L 129.29689406 64.05000144 131.69689434 64.05000144 0 P 0
L 129.29689406 70.97407192 129.29689406 72.07407226 0 P 0
L 129.29689406 70.97407192 131.69689434 70.97407192 0 P 0
L 129.29689406 72.07407226 131.69689434 72.07407226 0 P 0
L 129.8599892 6.1500004 129.8599892 7.25000074 0 P 0
L 129.8599892 7.60000004 129.8599892 8.70000038 0 P 0
L 130.02189388 29.09996466 130.97189198 29.09996466 0 P 0
L 130.02189388 31.0240045 130.97189198 31.0240045 0 P 0
L 130.02189388 35.22400372 130.97189198 35.22400372 0 P 0
L 130.02189388 37.14804356 130.97189198 37.14804356 0 P 0
L 130.02189388 46.29996582 130.97189198 46.29996582 0 P 0
L 130.02189388 48.22400566 130.97189198 48.22400566 0 P 0
L 130.02189388 52.42400488 130.97189198 52.42400488 0 P 0
L 130.02189388 54.34804472 130.97189198 54.34804472 0 P 0
L 130.02189388 63.50000254 130.97189198 63.50000254 0 P 0
L 130.02189388 65.42404238 130.97189198 65.42404238 0 P 0
L 130.02189388 69.60003352 130.97189198 69.60003352 0 P 0
L 130.02189388 71.52407336 130.97189198 71.52407336 0 P 0
L 130.49689166 30.54900418 130.49689166 31.49900482 0 P 0
L 130.49689166 34.7490034 130.49689166 35.69900404 0 P 0
L 130.49689166 47.74900534 130.49689166 48.69900598 0 P 0
L 130.49689166 51.94900456 130.49689166 52.8990052 0 P 0
L 130.49689166 64.94904206 130.49689166 65.8990427 0 P 0
L 130.49689166 69.1250332 130.49689166 70.07503384 0 P 0
L 130.4968942 28.62496434 130.4968942 29.57496498 0 P 0
L 130.4968942 36.67304324 130.4968942 37.62304388 0 P 0
L 130.4968942 45.8249655 130.4968942 46.77496614 0 P 0
L 130.4968942 53.8730444 130.4968942 54.82304504 0 P 0
L 130.4968942 63.02500222 130.4968942 63.97500286 0 P 0
L 130.4968942 71.04907304 130.4968942 71.99907368 0 P 0
L 131.6968918 30.4740056 131.6968918 31.57400594 0 P 0
L 131.6968918 34.67400482 131.6968918 35.77400516 0 P 0
L 131.6968918 47.67400676 131.6968918 48.7740071 0 P 0
L 131.6968918 51.87400598 131.6968918 52.97400632 0 P 0
L 131.6968918 64.87404348 131.6968918 65.97404382 0 P 0
L 131.6968918 69.05003462 131.6968918 70.15003496 0 P 0
L 131.69689434 28.54996322 131.69689434 29.64996356 0 P 0
L 131.69689434 36.59804212 131.69689434 37.69804246 0 P 0
L 131.69689434 45.74996438 131.69689434 46.84996472 0 P 0
L 131.69689434 53.79804328 131.69689434 54.89804362 0 P 0
L 131.69689434 62.9500011 131.69689434 64.05000144 0 P 0
L 131.69689434 70.97407192 131.69689434 72.07407226 0 P 0
L 135.5466809 0.62500256 135.5466809 3.0250003 0 P 0
L 135.5466809 0.62500256 136.64668124 0.62500256 0 P 0
L 135.5466809 3.0250003 136.64668124 3.0250003 0 P 0
L 135.62167948 1.8250027 136.57168012 1.8250027 0 P 0
L 136.0966798 1.35000238 136.0966798 2.30000048 0 P 0
L 136.64668124 0.62500256 136.64668124 3.0250003 0 P 0
S P 0
OB 36.31121262 59.67330204 I
OS 36.31121262 59.3830029
OS 34.78881282 59.3830029
OS 34.78881282 59.67330204
OS 34.55001218 59.67330204
OS 34.55001218 62.49270204
OS 34.78881282 62.49270204
OS 34.78881282 62.78300118
OS 36.31121262 62.78300118
OS 36.31121262 62.49270204
OS 36.55001326 62.49270204
OS 36.55001326 59.67330204
OS 36.31121262 59.67330204
OE
SE
S P 0
OB 49.70580356 78.6267033 I
OS 49.70580356 78.91700244
OS 51.22820336 78.91700244
OS 51.22820336 78.6267033
OS 51.467004 78.6267033
OS 51.467004 75.8073033
OS 51.22820336 75.8073033
OS 51.22820336 75.51700416
OS 49.70580356 75.51700416
OS 49.70580356 75.8073033
OS 49.46700292 75.8073033
OS 49.46700292 78.6267033
OS 49.70580356 78.6267033
OE
SE
S P 0
OB 71.92434942 49.72212306 I
OS 71.92434942 50.0124222
OS 73.44674922 50.0124222
OS 73.44674922 49.72212306
OS 73.68554986 49.72212306
OS 73.68554986 46.90272306
OS 73.44674922 46.90272306
OS 73.44674922 46.61242392
OS 71.92434942 46.61242392
OS 71.92434942 46.90272306
OS 71.68554878 46.90272306
OS 71.68554878 49.72212306
OS 71.92434942 49.72212306
OE
SE
S P 0
OB 74.32675762 49.72212306 I
OS 74.32675762 50.0124222
OS 75.84915742 50.0124222
OS 75.84915742 49.72212306
OS 76.08795806 49.72212306
OS 76.08795806 46.90272306
OS 75.84915742 46.90272306
OS 75.84915742 46.61242392
OS 74.32675762 46.61242392
OS 74.32675762 46.90272306
OS 74.08795698 46.90272306
OS 74.08795698 49.72212306
OS 74.32675762 49.72212306
OE
SE
S P 0
OB 76.72916582 49.72212306 I
OS 76.72916582 50.0124222
OS 78.25156562 50.0124222
OS 78.25156562 49.72212306
OS 78.49036626 49.72212306
OS 78.49036626 46.90272306
OS 78.25156562 46.90272306
OS 78.25156562 46.61242392
OS 76.72916582 46.61242392
OS 76.72916582 46.90272306
OS 76.49036518 46.90272306
OS 76.49036518 49.72212306
OS 76.72916582 49.72212306
OE
SE
S P 0
OB 92.149295 60.1224096 I
OS 92.149295 59.8684096
OS 90.8506946 59.8684096
OS 90.8506946 60.1224096
OS 90.5982948 60.1224096
OS 90.5982948 63.6276096
OS 90.8506946 63.6276096
OS 90.8506946 63.8816096
OS 92.149295 63.8816096
OS 92.149295 63.6276096
OS 92.4016948 63.6276096
OS 92.4016948 60.1224096
OS 92.149295 60.1224096
OE
SE
S P 0
OB 99.09229356 46.27051198 I
OS 97.89549382 46.27051198
OS 97.89549382 47.46731172
OS 96.34219492 47.46731172
OS 96.34219492 66.28271224
OS 97.89549382 66.28271224
OS 97.89549382 67.47951198
OS 99.09229356 67.47951198
OS 99.09229356 69.03281088
OS 117.90769408 69.03281088
OS 117.90769408 67.47951198
OS 119.10449382 67.47951198
OS 119.10449382 66.28271224
OS 120.65779272 66.28271224
OS 120.65779272 47.46731172
OS 119.10449382 47.46731172
OS 119.10449382 46.27051198
OS 117.90769408 46.27051198
OS 117.90769408 44.71721308
OS 99.09229356 44.71721308
OS 99.09229356 46.27051198
OE
SE
