UNITS=MM
#Layer_Color=9474304
#
#Feature symbol names
#
$0 r127

#
#Feature attribute names
#

#
#Layer features
#
L 1.6249777 3.12519314 4.62497678 3.12519314 0 P 0
L 1.62519614 76.37502124 4.62519522 76.37502124 0 P 0
L 1.65019736 62.49980388 2.25019616 62.49980388 0 P 0
L 1.65019736 70.39980332 2.25019616 70.39980332 0 P 0
L 1.93264282 38.29991578 2.64384282 38.29991578 0 P 0
L 1.95019676 62.19980448 1.95019676 62.79980328 0 P 0
L 1.95019676 70.09980392 1.95019676 70.69980272 0 P 0
L 2.28824282 37.94431578 2.28824282 38.65551578 0 P 0
L 3.12497724 1.6251936 3.12497724 4.62519268 0 P 0
L 3.12519568 74.8750217 3.12519568 77.87502078 0 P 0
L 3.9217473 43.41000462 7.1729473 43.41000462 0 P 0
L 3.9217473 56.11000462 7.1729473 56.11000462 0 P 0
L 5.5473473 41.78440462 5.5473473 45.03560462 0 P 0
L 5.5473473 54.48440462 5.5473473 57.73560462 0 P 0
L 5.7799986 73.17499716 6.1799978 73.17499716 0 P 0
L 5.8444003 68.55000006 6.5556003 68.55000006 0 P 0
L 5.9799982 72.97499756 5.9799982 73.37499676 0 P 0
L 6.1914659 38.2999234 6.9026659 38.2999234 0 P 0
L 6.2000003 68.19440006 6.2000003 68.90560006 0 P 0
L 6.5470659 37.9443234 6.5470659 38.6555234 0 P 0
L 7.0083172 63.34980218 7.4083164 63.34980218 0 P 0
L 7.0083172 64.61829342 7.4083164 64.61829342 0 P 0
L 7.2083168 63.14980258 7.2083168 63.54980178 0 P 0
L 7.2083168 64.41829382 7.2083168 64.81829302 0 P 0
L 7.34439984 1.15000024 8.05559984 1.15000024 0 P 0
L 7.34439984 2.8250007 8.05559984 2.8250007 0 P 0
L 7.5700001 77.79999934 8.4699983 77.79999934 0 P 0
L 7.69999984 0.79440024 7.69999984 1.50560024 0 P 0
L 7.69999984 2.4694007 7.69999984 3.1806007 0 P 0
L 7.80831814 63.9840478 8.20831734 63.9840478 0 P 0
L 7.8199996 69.52500446 8.2199988 69.52500446 0 P 0
L 7.8199996 73.1749997 8.2199988 73.1749997 0 P 0
L 8.00831774 63.7840482 8.00831774 64.1840474 0 P 0
L 8.0199992 69.32500486 8.0199992 69.72500406 0 P 0
L 8.0199992 72.9750001 8.0199992 73.3749993 0 P 0
L 8.0199992 77.35000024 8.0199992 78.24999844 0 P 0
L 8.10000412 65.64230458 8.50000332 65.64230458 0 P 0
L 8.30000372 65.44230498 8.30000372 65.84230418 0 P 0
L 9.45564784 1.15000024 10.16684784 1.15000024 0 P 0
L 9.45564784 2.8250007 10.16684784 2.8250007 0 P 0
L 9.50000132 67.30000002 9.90000052 67.30000002 0 P 0
L 9.70000092 67.10000042 9.70000092 67.49999962 0 P 0
L 9.81124784 0.79440024 9.81124784 1.50560024 0 P 0
L 9.81124784 2.4694007 9.81124784 3.1806007 0 P 0
L 10.1100001 77.79999934 11.0099983 77.79999934 0 P 0
L 10.3599996 69.52500446 10.7599988 69.52500446 0 P 0
L 10.3599996 73.1749997 10.7599988 73.1749997 0 P 0
L 10.45028898 38.29993102 11.16148898 38.29993102 0 P 0
L 10.5599992 69.32500486 10.5599992 69.72500406 0 P 0
L 10.5599992 72.9750001 10.5599992 73.3749993 0 P 0
L 10.5599992 77.35000024 10.5599992 78.24999844 0 P 0
L 10.80588898 37.94433102 10.80588898 38.65553102 0 P 0
L 11.56689584 1.15000024 12.27809584 1.15000024 0 P 0
L 11.56689584 2.8250007 12.27809584 2.8250007 0 P 0
L 11.92249584 0.79440024 11.92249584 1.50560024 0 P 0
L 11.92249584 2.4694007 11.92249584 3.1806007 0 P 0
L 12.6500001 77.79999934 13.5499983 77.79999934 0 P 0
L 12.80999216 61.01811012 13.20999136 61.01811012 0 P 0
L 12.8999996 73.1749997 13.2999988 73.1749997 0 P 0
L 13.00999176 60.81811052 13.00999176 61.21810972 0 P 0
L 13.0999992 72.9750001 13.0999992 73.3749993 0 P 0
L 13.0999992 77.35000024 13.0999992 78.24999844 0 P 0
L 13.67814384 1.15000024 14.38934384 1.15000024 0 P 0
L 13.67814384 2.8250007 14.38934384 2.8250007 0 P 0
L 13.99438654 21.72500862 14.70558654 21.72500862 0 P 0
L 13.99438654 23.86250752 14.70558654 23.86250752 0 P 0
L 13.99438654 26.00000642 14.70558654 26.00000642 0 P 0
L 14.03374384 0.79440024 14.03374384 1.50560024 0 P 0
L 14.03374384 2.4694007 14.03374384 3.1806007 0 P 0
L 14.34998654 21.36940862 14.34998654 22.08060862 0 P 0
L 14.34998654 23.50690752 14.34998654 24.21810752 0 P 0
L 14.34998654 25.64440642 14.34998654 26.35560642 0 P 0
L 14.70911206 38.29993102 15.42031206 38.29993102 0 P 0
L 15.06471206 37.94433102 15.06471206 38.65553102 0 P 0
L 15.10438686 61.71811126 15.81558686 61.71811126 0 P 0
L 15.1900001 77.79999934 16.0899983 77.79999934 0 P 0
L 15.44844256 73.18344266 15.84844176 73.18344266 0 P 0
L 15.45998686 61.36251126 15.45998686 62.07371126 0 P 0
L 15.6399992 77.35000024 15.6399992 78.24999844 0 P 0
L 15.64844216 72.98344306 15.64844216 73.38344226 0 P 0
L 15.78939184 1.15000024 16.50059184 1.15000024 0 P 0
L 15.78939184 2.8250007 16.50059184 2.8250007 0 P 0
L 15.94438264 21.72500862 16.65558264 21.72500862 0 P 0
L 15.94438264 23.86250752 16.65558264 23.86250752 0 P 0
L 15.94438264 26.00000642 16.65558264 26.00000642 0 P 0
L 16.14499184 0.79440024 16.14499184 1.50560024 0 P 0
L 16.14499184 2.4694007 16.14499184 3.1806007 0 P 0
L 16.29998264 21.36940862 16.29998264 22.08060862 0 P 0
L 16.29998264 23.50690752 16.29998264 24.21810752 0 P 0
L 16.29998264 25.64440642 16.29998264 26.35560642 0 P 0
L 17.57499914 61.01811012 17.97499834 61.01811012 0 P 0
L 17.7300001 77.79999934 18.6299983 77.79999934 0 P 0
L 17.77499874 60.81811052 17.77499874 61.21810972 0 P 0
L 17.89437874 21.72500862 18.60557874 21.72500862 0 P 0
L 17.89437874 23.86250752 18.60557874 23.86250752 0 P 0
L 17.89437874 26.00000642 18.60557874 26.00000642 0 P 0
L 17.9799996 73.1749997 18.3799988 73.1749997 0 P 0
L 18.1799992 72.9750001 18.1799992 73.3749993 0 P 0
L 18.1799992 77.35000024 18.1799992 78.24999844 0 P 0
L 18.24997874 21.36940862 18.24997874 22.08060862 0 P 0
L 18.24997874 23.50690752 18.24997874 24.21810752 0 P 0
L 18.24997874 25.64440642 18.24997874 26.35560642 0 P 0
L 18.96793514 38.29993864 19.67913514 38.29993864 0 P 0
L 19.32353514 37.94433864 19.32353514 38.65553864 0 P 0
L 20.2700001 77.79999934 21.1699983 77.79999934 0 P 0
L 20.7199992 77.35000024 20.7199992 78.24999844 0 P 0
L 21.92190434 19.0000001 22.63310434 19.0000001 0 P 0
L 22.27750434 18.6444001 22.27750434 19.3556001 0 P 0
L 23.22675822 38.29994626 23.93795822 38.29994626 0 P 0
L 23.56000368 70.20996626 24.46000188 70.20996626 0 P 0
L 23.56000368 72.74996626 24.46000188 72.74996626 0 P 0
L 23.57000366 77.77999938 24.47000186 77.77999938 0 P 0
L 23.58235822 37.94434626 23.58235822 38.65554626 0 P 0
L 24.01000278 69.75996716 24.01000278 70.65996536 0 P 0
L 24.01000278 72.29996716 24.01000278 73.19996536 0 P 0
L 24.02000276 77.33000028 24.02000276 78.22999848 0 P 0
L 24.03315234 19.0000001 24.74435234 19.0000001 0 P 0
L 24.14439926 27.55000078 24.85559926 27.55000078 0 P 0
L 24.38875234 18.6444001 24.38875234 19.3556001 0 P 0
L 24.49999926 27.19440078 24.49999926 27.90560078 0 P 0
L 26.10000368 70.20996626 27.00000188 70.20996626 0 P 0
L 26.10000368 72.74996626 27.00000188 72.74996626 0 P 0
L 26.11000366 77.77999938 27.01000186 77.77999938 0 P 0
L 26.14440034 19.0000001 26.85560034 19.0000001 0 P 0
L 26.50000034 18.6444001 26.50000034 19.3556001 0 P 0
L 26.55000278 69.75996716 26.55000278 70.65996536 0 P 0
L 26.55000278 72.29996716 26.55000278 73.19996536 0 P 0
L 26.56000276 77.33000028 26.56000276 78.22999848 0 P 0
L 26.94439874 1.49999954 27.65559874 1.49999954 0 P 0
L 26.94439874 36.50000066 27.65559874 36.50000066 0 P 0
L 27.29999874 1.14439954 27.29999874 1.85559954 0 P 0
L 27.29999874 36.14440066 27.29999874 36.85560066 0 P 0
L 28.25564834 19.0000001 28.96684834 19.0000001 0 P 0
L 28.57764922 53.39000498 28.97764842 53.39000498 0 P 0
L 28.61124834 18.6444001 28.61124834 19.3556001 0 P 0
L 28.65000366 77.77999938 29.55000186 77.77999938 0 P 0
L 28.77764882 53.19000538 28.77764882 53.59000458 0 P 0
L 28.9931221 71.30000726 29.3931213 71.30000726 0 P 0
L 28.9931221 72.80000172 29.3931213 72.80000172 0 P 0
L 28.99932224 68.30001834 29.39932144 68.30001834 0 P 0
L 28.99932224 69.8000128 29.39932144 69.8000128 0 P 0
L 29.10000276 77.33000028 29.10000276 78.22999848 0 P 0
L 29.1931217 71.10000766 29.1931217 71.50000686 0 P 0
L 29.1931217 72.60000212 29.1931217 73.00000132 0 P 0
L 29.19932184 68.10001874 29.19932184 68.50001794 0 P 0
L 29.19932184 69.6000132 29.19932184 70.0000124 0 P 0
L 29.54999932 59.55000028 29.94999852 59.55000028 0 P 0
L 29.60265098 40.6582753 30.00265018 40.6582753 0 P 0
L 29.60265098 43.64822106 30.00265018 43.64822106 0 P 0
L 29.60265098 47.2695143 30.00265018 47.2695143 0 P 0
L 29.60265098 48.80699408 30.00265018 48.80699408 0 P 0
L 29.60265098 50.34447386 30.00265018 50.34447386 0 P 0
L 29.60265098 53.95178694 30.00265018 53.95178694 0 P 0
L 29.60265098 57.6417313 30.00265018 57.6417313 0 P 0
L 29.6443908 11.54999214 30.3555908 11.54999214 0 P 0
L 29.6443908 26.45000806 30.3555908 26.45000806 0 P 0
L 29.74999892 59.35000068 29.74999892 59.74999988 0 P 0
L 29.80265058 40.4582757 29.80265058 40.8582749 0 P 0
L 29.80265058 43.44822146 29.80265058 43.84822066 0 P 0
L 29.80265058 47.0695147 29.80265058 47.4695139 0 P 0
L 29.80265058 48.60699448 29.80265058 49.00699368 0 P 0
L 29.80265058 50.14447426 29.80265058 50.54447346 0 P 0
L 29.80265058 53.75178734 29.80265058 54.15178654 0 P 0
L 29.80265058 57.4417317 29.80265058 57.8417309 0 P 0
L 29.9999908 11.19439214 29.9999908 11.90559214 0 P 0
L 29.9999908 26.09440806 29.9999908 26.80560806 0 P 0
L 30.36689634 19.0000001 31.07809634 19.0000001 0 P 0
L 30.72249634 18.6444001 30.72249634 19.3556001 0 P 0
L 31.19000366 77.77999938 32.09000186 77.77999938 0 P 0
L 31.36939878 8.76249962 32.08059878 8.76249962 0 P 0
L 31.36939878 10.56099234 32.08059878 10.56099234 0 P 0
L 31.36939878 27.42499976 32.08059878 27.42499976 0 P 0
L 31.36939878 29.23750058 32.08059878 29.23750058 0 P 0
L 31.64000276 77.33000028 31.64000276 78.22999848 0 P 0
L 31.72499878 8.40689962 31.72499878 9.11809962 0 P 0
L 31.72499878 10.20539234 31.72499878 10.91659234 0 P 0
L 31.72499878 27.06939976 31.72499878 27.78059976 0 P 0
L 31.72499878 28.88190058 31.72499878 29.59310058 0 P 0
L 31.74440438 38.22450572 32.45560438 38.22450572 0 P 0
L 32.0931159 65.3770092 32.4931151 65.3770092 0 P 0
L 32.10000438 37.86890572 32.10000438 38.58010572 0 P 0
L 32.2931155 65.1770096 32.2931155 65.5770088 0 P 0
L 33.24439884 6.9499988 33.95559884 6.9499988 0 P 0
L 33.24439884 8.76249962 33.95559884 8.76249962 0 P 0
L 33.24439884 10.56099234 33.95559884 10.56099234 0 P 0
L 33.24439884 27.42499976 33.95559884 27.42499976 0 P 0
L 33.24439884 29.23750058 33.95559884 29.23750058 0 P 0
L 33.24439884 31.0500014 33.95559884 31.0500014 0 P 0
L 33.59999884 6.5943988 33.59999884 7.3055988 0 P 0
L 33.59999884 8.40689962 33.59999884 9.11809962 0 P 0
L 33.59999884 10.20539234 33.59999884 10.91659234 0 P 0
L 33.59999884 27.06939976 33.59999884 27.78059976 0 P 0
L 33.59999884 28.88190058 33.59999884 29.59310058 0 P 0
L 33.59999884 30.6944014 33.59999884 31.4056014 0 P 0
L 33.7026504 41.55324938 34.1026496 41.55324938 0 P 0
L 33.7026504 48.00073966 34.1026496 48.00073966 0 P 0
L 33.7026504 49.60448042 34.1026496 49.60448042 0 P 0
L 33.89872824 56.24283646 34.29872744 56.24283646 0 P 0
L 33.90265 41.35324978 33.90265 41.75324898 0 P 0
L 33.90265 47.80074006 33.90265 48.20073926 0 P 0
L 33.90265 49.40448082 33.90265 49.80448002 0 P 0
L 34.09872784 56.04283686 34.09872784 56.44283606 0 P 0
L 35.02659492 47.92659198 35.42659412 47.92659198 0 P 0
L 35.10000092 44.4999999 35.50000012 44.4999999 0 P 0
L 35.1193989 6.9499988 35.8305989 6.9499988 0 P 0
L 35.1193989 8.76249962 35.8305989 8.76249962 0 P 0
L 35.1193989 10.56099234 35.8305989 10.56099234 0 P 0
L 35.1193989 27.42499976 35.8305989 27.42499976 0 P 0
L 35.1193989 29.23750058 35.8305989 29.23750058 0 P 0
L 35.1193989 31.0500014 35.8305989 31.0500014 0 P 0
L 35.22659452 47.72659238 35.22659452 48.12659158 0 P 0
L 35.30000052 44.3000003 35.30000052 44.6999995 0 P 0
L 35.4749989 6.5943988 35.4749989 7.3055988 0 P 0
L 35.4749989 8.40689962 35.4749989 9.11809962 0 P 0
L 35.4749989 10.20539234 35.4749989 10.91659234 0 P 0
L 35.4749989 27.06939976 35.4749989 27.78059976 0 P 0
L 35.4749989 28.88190058 35.4749989 29.59310058 0 P 0
L 35.4749989 30.6944014 35.4749989 31.4056014 0 P 0
L 35.6176453 48.51764236 36.0176445 48.51764236 0 P 0
L 35.8016937 42.90169474 36.2016929 42.90169474 0 P 0
L 35.8176449 48.31764276 35.8176449 48.71764196 0 P 0
L 35.97701212 65.3770092 36.37701132 65.3770092 0 P 0
L 36.0016933 42.70169514 36.0016933 43.10169434 0 P 0
L 36.00322746 38.22450572 36.71442746 38.22450572 0 P 0
L 36.17701172 65.1770096 36.17701172 65.5770088 0 P 0
L 36.21811908 51.90000288 36.61811828 51.90000288 0 P 0
L 36.21811908 53.39999734 36.61811828 53.39999734 0 P 0
L 36.30000106 44.4999999 36.70000026 44.4999999 0 P 0
L 36.35882746 37.86890572 36.35882746 38.58010572 0 P 0
L 36.41811868 51.70000328 36.41811868 52.10000248 0 P 0
L 36.41811868 53.19999774 36.41811868 53.59999694 0 P 0
L 36.43930228 49.33929934 36.83930148 49.33929934 0 P 0
L 36.43930228 50.40000842 36.83930148 50.40000842 0 P 0
L 36.50000066 44.3000003 36.50000066 44.6999995 0 P 0
L 36.63930188 49.13929974 36.63930188 49.53929894 0 P 0
L 36.63930188 50.20000882 36.63930188 50.60000802 0 P 0
L 36.6962436 46.39624198 37.0962428 46.39624198 0 P 0
L 36.8962432 46.19624238 36.8962432 46.59624158 0 P 0
L 37.28729398 46.98729236 37.68729318 46.98729236 0 P 0
L 37.48729358 46.78729276 37.48729358 47.18729196 0 P 0
L 37.84997256 57.93190852 38.24997176 57.93190852 0 P 0
L 38.04997216 57.73190892 38.04997216 58.13190812 0 P 0
L 38.10895096 47.80894934 38.50895016 47.80894934 0 P 0
L 38.30895056 47.60894974 38.30895056 48.00894894 0 P 0
L 38.55000164 59.35111828 38.95000084 59.35111828 0 P 0
L 38.70000134 48.39999972 39.10000054 48.39999972 0 P 0
L 38.75000124 59.15111868 38.75000124 59.55111788 0 P 0
L 38.90000094 48.20000012 38.90000094 48.59999932 0 P 0
L 39.05002096 78.6499951 39.45002016 78.6499951 0 P 0
L 39.22512856 66.7289369 39.62512776 66.7289369 0 P 0
L 39.22512856 69.05287942 39.62512776 69.05287942 0 P 0
L 39.22618774 70.8999979 39.62618694 70.8999979 0 P 0
L 39.25002056 78.4499955 39.25002056 78.8499947 0 P 0
L 39.34996702 57.93190852 39.74996622 57.93190852 0 P 0
L 39.42512816 66.5289373 39.42512816 66.9289365 0 P 0
L 39.42512816 68.85287982 39.42512816 69.25287902 0 P 0
L 39.42618734 70.6999983 39.42618734 71.0999975 0 P 0
L 39.54996662 57.73190892 39.54996662 58.13190812 0 P 0
L 39.79999406 75.11059146 40.19999326 75.11059146 0 P 0
L 39.89999894 45.79999984 40.29999814 45.79999984 0 P 0
L 39.99999366 74.91059186 39.99999366 75.31059106 0 P 0
L 40.0499961 59.35111828 40.4499953 59.35111828 0 P 0
L 40.09999854 45.60000024 40.09999854 45.99999944 0 P 0
L 40.2499957 59.15111868 40.2499957 59.55111788 0 P 0
L 40.26205054 38.22450572 40.97325054 38.22450572 0 P 0
L 40.4835995 68.14589876 40.8835987 68.14589876 0 P 0
L 40.49999266 50.40000842 40.89999186 50.40000842 0 P 0
L 40.50000028 66.7289369 40.89999948 66.7289369 0 P 0
L 40.5499951 78.6499951 40.9499943 78.6499951 0 P 0
L 40.61765054 37.86890572 40.61765054 38.58010572 0 P 0
L 40.6835991 67.94589916 40.6835991 68.34589836 0 P 0
L 40.69999226 50.20000882 40.69999226 50.60000802 0 P 0
L 40.69999988 66.5289373 40.69999988 66.9289365 0 P 0
L 40.7499947 78.4499955 40.7499947 78.8499947 0 P 0
L 40.84996148 57.93190852 41.24996068 57.93190852 0 P 0
L 41.04996108 57.73190892 41.04996108 58.13190812 0 P 0
L 41.2999936 75.11059146 41.6999928 75.11059146 0 P 0
L 41.4999932 74.91059186 41.4999932 75.31059106 0 P 0
L 41.54999056 59.35111828 41.94998976 59.35111828 0 P 0
L 41.74999016 59.15111868 41.74999016 59.55111788 0 P 0
L 42.04999464 71.72380626 42.44999384 71.72380626 0 P 0
L 42.05000988 78.6499951 42.45000908 78.6499951 0 P 0
L 42.24999424 71.52380666 42.24999424 71.92380586 0 P 0
L 42.25000948 78.4499955 42.25000948 78.8499947 0 P 0
L 42.34995594 57.93190852 42.74995514 57.93190852 0 P 0
L 42.42500024 68.72500098 42.82499944 68.72500098 0 P 0
L 42.54995554 57.73190892 42.54995554 58.13190812 0 P 0
L 42.62499984 68.52500138 42.62499984 68.92500058 0 P 0
L 42.70000096 47.90000072 43.10000016 47.90000072 0 P 0
L 42.70000096 49.69999966 43.10000016 49.69999966 0 P 0
L 42.90000056 47.70000112 42.90000056 48.10000032 0 P 0
L 42.90000056 49.50000006 42.90000056 49.89999926 0 P 0
L 43.04998502 59.35111828 43.44998422 59.35111828 0 P 0
L 43.24998462 59.15111868 43.24998462 59.55111788 0 P 0
L 43.42500078 63.15000324 43.82499998 63.15000324 0 P 0
L 43.54999418 71.72380626 43.94999338 71.72380626 0 P 0
L 43.55000434 78.6499951 43.95000354 78.6499951 0 P 0
L 43.62500038 62.95000364 43.62500038 63.35000284 0 P 0
L 43.74999378 71.52380666 43.74999378 71.92380586 0 P 0
L 43.75000394 78.4499955 43.75000394 78.8499947 0 P 0
L 43.8499504 57.93190852 44.2499496 57.93190852 0 P 0
L 44.04995 57.73190892 44.04995 58.13190812 0 P 0
L 44.04999572 66.57619146 44.44999492 66.57619146 0 P 0
L 44.09999054 40.22300566 44.49998974 40.22300566 0 P 0
L 44.24999532 66.37619186 44.24999532 66.77619106 0 P 0
L 44.29999014 40.02300606 44.29999014 40.42300526 0 P 0
L 44.37516906 69.89780534 44.77516826 69.89780534 0 P 0
L 44.4000001 68.69999976 44.7999993 68.69999976 0 P 0
L 44.4999999 47.90000072 44.8999991 47.90000072 0 P 0
L 44.4999999 49.69999966 44.8999991 49.69999966 0 P 0
L 44.52087362 38.22450572 45.23207362 38.22450572 0 P 0
L 44.54997948 59.35111828 44.94997868 59.35111828 0 P 0
L 44.57516866 69.69780574 44.57516866 70.09780494 0 P 0
L 44.5999997 68.50000016 44.5999997 68.89999936 0 P 0
L 44.6999995 47.70000112 44.6999995 48.10000032 0 P 0
L 44.6999995 49.50000006 44.6999995 49.89999926 0 P 0
L 44.74997908 59.15111868 44.74997908 59.55111788 0 P 0
L 44.87647362 37.86890572 44.87647362 38.58010572 0 P 0
L 45.0499988 78.6499951 45.449998 78.6499951 0 P 0
L 45.2499984 78.4499955 45.2499984 78.8499947 0 P 0
L 45.34994486 57.93190852 45.74994406 57.93190852 0 P 0
L 45.54994446 57.73190892 45.54994446 58.13190812 0 P 0
L 45.71940056 6.6499994 46.43060056 6.6499994 0 P 0
L 45.71940056 31.3500008 46.43060056 31.3500008 0 P 0
L 46.04997394 59.35111828 46.44997314 59.35111828 0 P 0
L 46.04997394 63.4500255 46.44997314 63.4500255 0 P 0
L 46.07500056 6.2943994 46.07500056 7.0055994 0 P 0
L 46.07500056 30.9944008 46.07500056 31.7056008 0 P 0
L 46.24997354 59.15111868 46.24997354 59.55111788 0 P 0
L 46.24997354 63.2500259 46.24997354 63.6500251 0 P 0
L 46.54999326 78.6499951 46.94999246 78.6499951 0 P 0
L 46.65689932 7.87499568 47.36809932 7.87499568 0 P 0
L 46.65689932 30.12500452 47.36809932 30.12500452 0 P 0
L 46.74999286 78.4499955 46.74999286 78.8499947 0 P 0
L 46.84993932 57.93190852 47.24993852 57.93190852 0 P 0
L 47.01249932 7.51939568 47.01249932 8.23059568 0 P 0
L 47.01249932 29.76940452 47.01249932 30.48060452 0 P 0
L 47.04993892 57.73190892 47.04993892 58.13190812 0 P 0
L 47.15950436 48.9595033 47.55950356 48.9595033 0 P 0
L 47.35950396 48.7595037 47.35950396 49.1595029 0 P 0
L 47.49071528 63.60929874 47.89071448 63.60929874 0 P 0
L 47.5499684 59.35111828 47.9499676 59.35111828 0 P 0
L 47.59439808 6.6499994 48.30559808 6.6499994 0 P 0
L 47.59439808 31.3500008 48.30559808 31.3500008 0 P 0
L 47.69071488 63.40929914 47.69071488 63.80929834 0 P 0
L 47.70000112 70.50000124 48.10000032 70.50000124 0 P 0
L 47.749968 59.15111868 47.749968 59.55111788 0 P 0
L 47.90000072 70.30000164 47.90000072 70.70000084 0 P 0
L 47.94999808 6.2943994 47.94999808 7.0055994 0 P 0
L 47.94999808 30.9944008 47.94999808 31.7056008 0 P 0
L 48.04998772 78.6499951 48.44998692 78.6499951 0 P 0
L 48.24998732 78.4499955 48.24998732 78.8499947 0 P 0
L 48.53189938 7.87499568 49.24309938 7.87499568 0 P 0
L 48.53189938 30.12500452 49.24309938 30.12500452 0 P 0
L 48.7796967 38.22450572 49.4908967 38.22450572 0 P 0
L 48.88749938 7.51939568 48.88749938 8.23059568 0 P 0
L 48.88749938 29.76940452 48.88749938 30.48060452 0 P 0
L 49.1352967 37.86890572 49.1352967 38.58010572 0 P 0
L 49.46940068 6.6499994 50.18060068 6.6499994 0 P 0
L 49.46940068 31.3500008 50.18060068 31.3500008 0 P 0
L 49.47499376 41.6000057 49.87499296 41.6000057 0 P 0
L 49.67499336 41.4000061 49.67499336 41.8000053 0 P 0
L 49.82500068 6.2943994 49.82500068 7.0055994 0 P 0
L 49.82500068 30.9944008 49.82500068 31.7056008 0 P 0
L 49.84992824 57.93190852 50.24992744 57.93190852 0 P 0
L 50.04992784 57.73190892 50.04992784 58.13190812 0 P 0
L 50.6854968 45.32500206 51.085496 45.32500206 0 P 0
L 50.6854968 48.49999952 51.085496 48.49999952 0 P 0
L 50.6854968 49.62500108 51.085496 49.62500108 0 P 0
L 50.6854968 51.16350194 51.085496 51.16350194 0 P 0
L 50.8499999 41.6000057 51.2499991 41.6000057 0 P 0
L 50.8854964 45.12500246 50.8854964 45.52500166 0 P 0
L 50.8854964 48.29999992 50.8854964 48.69999912 0 P 0
L 50.8854964 49.42500148 50.8854964 49.82500068 0 P 0
L 50.8854964 50.96350234 50.8854964 51.36350154 0 P 0
L 50.98188686 53.39999734 51.38188606 53.39999734 0 P 0
L 51.0499995 41.4000061 51.0499995 41.8000053 0 P 0
L 51.18188646 53.19999774 51.18188646 53.59999694 0 P 0
L 51.54888852 62.99999592 51.94888772 62.99999592 0 P 0
L 51.54888852 71.29999964 51.94888772 71.29999964 0 P 0
L 51.59888842 64.49999038 51.99888762 64.49999038 0 P 0
L 51.59888842 65.99998484 51.99888762 65.99998484 0 P 0
L 51.69888822 72.7999941 52.09888742 72.7999941 0 P 0
L 51.74888812 62.79999632 51.74888812 63.19999552 0 P 0
L 51.74888812 71.10000004 51.74888812 71.49999924 0 P 0
L 51.79888802 64.29999078 51.79888802 64.69998998 0 P 0
L 51.79888802 65.79998524 51.79888802 66.19998444 0 P 0
L 51.89888782 72.5999945 51.89888782 72.9999937 0 P 0
L 52.57500534 54.45001048 52.97500454 54.45001048 0 P 0
L 52.60000148 74.30000126 53.00000068 74.30000126 0 P 0
L 52.77500494 54.25001088 52.77500494 54.65001008 0 P 0
L 52.80000108 74.10000166 52.80000108 74.50000086 0 P 0
L 53.03851978 38.22450572 53.74971978 38.22450572 0 P 0
L 53.39411978 37.86890572 53.39411978 38.58010572 0 P 0
L 54.69999982 76.6499991 55.09999902 76.6499991 0 P 0
L 54.89999942 76.4499995 54.89999942 76.8499987 0 P 0
L 55.32000112 48.71999908 55.72000032 48.71999908 0 P 0
L 55.52000072 48.51999948 55.52000072 48.91999868 0 P 0
L 56.09999956 46.25800248 56.49999876 46.25800248 0 P 0
L 56.1700045 75.23999938 57.19000246 75.23999938 0 P 0
L 56.1700045 77.77999938 57.19000246 77.77999938 0 P 0
L 56.29999916 46.05800288 56.29999916 46.45800208 0 P 0
L 56.68000348 74.7300004 56.68000348 75.74999836 0 P 0
L 56.68000348 77.2700004 56.68000348 78.28999836 0 P 0
L 57.29734286 38.22450572 58.00854286 38.22450572 0 P 0
L 57.65294286 37.86890572 57.65294286 38.58010572 0 P 0
L 57.79440054 51.0499995 58.50560054 51.0499995 0 P 0
L 58.15000054 50.6943995 58.15000054 51.4055995 0 P 0
L 58.7100045 75.23999938 59.73000246 75.23999938 0 P 0
L 58.7100045 77.77999938 59.73000246 77.77999938 0 P 0
L 58.79440108 55.02500044 59.50560108 55.02500044 0 P 0
L 59.15000108 54.66940044 59.15000108 55.38060044 0 P 0
L 59.22000348 74.7300004 59.22000348 75.74999836 0 P 0
L 59.22000348 77.2700004 59.22000348 78.28999836 0 P 0
L 61.2500045 75.23999938 62.27000246 75.23999938 0 P 0
L 61.2500045 77.77999938 62.27000246 77.77999938 0 P 0
L 61.55616594 38.22450572 62.26736594 38.22450572 0 P 0
L 61.56635642 53.6241625 61.96635562 53.6241625 0 P 0
L 61.71176634 40.22300566 62.11176554 40.22300566 0 P 0
L 61.76000348 74.7300004 61.76000348 75.74999836 0 P 0
L 61.76000348 77.2700004 61.76000348 78.28999836 0 P 0
L 61.76635602 53.4241629 61.76635602 53.8241621 0 P 0
L 61.91102426 57.04049806 62.31102346 57.04049806 0 P 0
L 61.91176594 37.86890572 61.91176594 38.58010572 0 P 0
L 61.91176594 40.02300606 61.91176594 40.42300526 0 P 0
L 62.11102386 56.84049846 62.11102386 57.24049766 0 P 0
L 62.24999996 62.10000026 62.64999916 62.10000026 0 P 0
L 62.44999956 61.90000066 62.44999956 62.29999986 0 P 0
L 63.7900045 75.23999938 64.81000246 75.23999938 0 P 0
L 63.7900045 77.77999938 64.81000246 77.77999938 0 P 0
L 63.8999992 52.45779958 64.2999984 52.45779958 0 P 0
L 64.0999988 52.25779998 64.0999988 52.65779918 0 P 0
L 64.30000348 74.7300004 64.30000348 75.74999836 0 P 0
L 64.30000348 77.2700004 64.30000348 78.28999836 0 P 0
L 65.30198014 41.5079942 66.01318014 41.5079942 0 P 0
L 65.65758014 41.1523942 65.65758014 41.8635942 0 P 0
L 65.81498902 38.22450572 66.52618902 38.22450572 0 P 0
L 66.17058902 37.86890572 66.17058902 38.58010572 0 P 0
L 66.24999958 60.325 66.64999878 60.325 0 P 0
L 66.3300045 75.23999938 67.35000246 75.23999938 0 P 0
L 66.3300045 77.77999938 67.35000246 77.77999938 0 P 0
L 66.44999918 60.1250004 66.44999918 60.5249996 0 P 0
L 66.69999868 53.15780072 67.09999788 53.15780072 0 P 0
L 66.7749998 57.3077975 67.174999 57.3077975 0 P 0
L 66.84000348 74.7300004 66.84000348 75.74999836 0 P 0
L 66.84000348 77.2700004 66.84000348 78.28999836 0 P 0
L 66.89999828 52.95780112 66.89999828 53.35780032 0 P 0
L 66.9749994 57.1077979 66.9749994 57.5077971 0 P 0
L 67.65852864 61.33517832 68.05852784 61.33517832 0 P 0
L 67.85852824 61.13517872 67.85852824 61.53517792 0 P 0
L 67.94518034 47.14517876 68.34517954 47.14517876 0 P 0
L 68.14517994 46.94517916 68.14517994 47.34517836 0 P 0
L 68.8700045 75.23999938 69.89000246 75.23999938 0 P 0
L 68.8700045 77.77999938 69.89000246 77.77999938 0 P 0
L 69.07790096 49.40000026 69.78910096 49.40000026 0 P 0
L 69.38000348 74.7300004 69.38000348 75.74999836 0 P 0
L 69.38000348 77.2700004 69.38000348 78.28999836 0 P 0
L 69.43350096 49.04440026 69.43350096 49.75560026 0 P 0
L 69.7443995 47.0750011 70.4555995 47.0750011 0 P 0
L 70.0999995 46.7194011 70.0999995 47.4306011 0 P 0
L 70.23557708 51.6105775 70.63557628 51.6105775 0 P 0
L 70.43557668 51.4105779 70.43557668 51.8105771 0 P 0
L 70.95000034 50.80169164 71.34999954 50.80169164 0 P 0
L 71.0118976 61.72499974 71.4118968 61.72499974 0 P 0
L 71.14999994 50.60169204 71.14999994 51.00169124 0 P 0
L 71.1912978 32.8411713 71.9024978 32.8411713 0 P 0
L 71.1912978 37.09999438 71.9024978 37.09999438 0 P 0
L 71.19130542 3.02940974 71.90250542 3.02940974 0 P 0
L 71.19130542 7.28823282 71.90250542 7.28823282 0 P 0
L 71.19130542 11.5470559 71.90250542 11.5470559 0 P 0
L 71.19130542 15.80587898 71.90250542 15.80587898 0 P 0
L 71.19130542 20.06470206 71.90250542 20.06470206 0 P 0
L 71.19130542 24.32352514 71.90250542 24.32352514 0 P 0
L 71.19130542 28.58234822 71.90250542 28.58234822 0 P 0
L 71.2118972 61.52500014 71.2118972 61.92499934 0 P 0
L 71.30001742 56.94220006 71.70001662 56.94220006 0 P 0
L 71.4100045 75.23999938 72.43000246 75.23999938 0 P 0
L 71.4100045 77.77999938 72.43000246 77.77999938 0 P 0
L 71.50001702 56.74220046 71.50001702 57.14219966 0 P 0
L 71.5468978 32.4855713 71.5468978 33.1967713 0 P 0
L 71.5468978 36.74439438 71.5468978 37.45559438 0 P 0
L 71.54690542 2.67380974 71.54690542 3.38500974 0 P 0
L 71.54690542 6.93263282 71.54690542 7.64383282 0 P 0
L 71.54690542 11.1914559 71.54690542 11.9026559 0 P 0
L 71.54690542 15.45027898 71.54690542 16.16147898 0 P 0
L 71.54690542 19.70910206 71.54690542 20.42030206 0 P 0
L 71.54690542 23.96792514 71.54690542 24.67912514 0 P 0
L 71.54690542 28.22674822 71.54690542 28.93794822 0 P 0
L 71.92000348 74.7300004 71.92000348 75.74999836 0 P 0
L 71.92000348 77.2700004 71.92000348 78.28999836 0 P 0
L 71.96487512 51.58631288 72.36487432 51.58631288 0 P 0
L 72.16487472 51.38631328 72.16487472 51.78631248 0 P 0
L 72.80001188 56.94220006 73.20001108 56.94220006 0 P 0
L 73.00001148 56.74220046 73.00001148 57.14219966 0 P 0
L 73.9500045 75.23999938 74.97000246 75.23999938 0 P 0
L 73.9500045 77.77999938 74.97000246 77.77999938 0 P 0
L 74.46000348 74.7300004 74.46000348 75.74999836 0 P 0
L 74.46000348 77.2700004 74.46000348 78.28999836 0 P 0
L 74.71000806 31.2000011 75.61000626 31.2000011 0 P 0
L 74.71000806 34.1499952 75.61000626 34.1499952 0 P 0
L 74.71000806 36.6899952 75.61000626 36.6899952 0 P 0
L 74.71000806 39.65999942 75.61000626 39.65999942 0 P 0
L 74.71000806 42.19999942 75.61000626 42.19999942 0 P 0
L 74.73477306 50.9539621 75.44597306 50.9539621 0 P 0
L 75.09037306 50.5983621 75.09037306 51.3095621 0 P 0
L 75.16000716 30.750002 75.16000716 31.6500002 0 P 0
L 75.16000716 33.6999961 75.16000716 34.5999943 0 P 0
L 75.16000716 36.2399961 75.16000716 37.1399943 0 P 0
L 75.16000716 39.21000032 75.16000716 40.10999852 0 P 0
L 75.16000716 41.75000032 75.16000716 42.64999852 0 P 0
L 75.42500028 57.3077975 75.82499948 57.3077975 0 P 0
L 75.62499988 57.1077979 75.62499988 57.5077971 0 P 0
L 76.64140882 3.86599938 77.35260882 3.86599938 0 P 0
L 76.64140882 5.6949975 77.35260882 5.6949975 0 P 0
L 76.64140882 7.52399562 77.35260882 7.52399562 0 P 0
L 76.64140882 12.57099848 77.35260882 12.57099848 0 P 0
L 76.64140882 14.3999966 77.35260882 14.3999966 0 P 0
L 76.64140882 16.22899472 77.35260882 16.22899472 0 P 0
L 76.64140882 21.27599758 77.35260882 21.27599758 0 P 0
L 76.64140882 23.1049957 77.35260882 23.1049957 0 P 0
L 76.64140882 24.93399382 77.35260882 24.93399382 0 P 0
L 76.99700882 3.51039938 76.99700882 4.22159938 0 P 0
L 76.99700882 5.3393975 76.99700882 6.0505975 0 P 0
L 76.99700882 7.16839562 76.99700882 7.87959562 0 P 0
L 76.99700882 12.21539848 76.99700882 12.92659848 0 P 0
L 76.99700882 14.0443966 76.99700882 14.7555966 0 P 0
L 76.99700882 15.87339472 76.99700882 16.58459472 0 P 0
L 76.99700882 20.92039758 76.99700882 21.63159758 0 P 0
L 76.99700882 22.7493957 76.99700882 23.4605957 0 P 0
L 76.99700882 24.57839382 76.99700882 25.28959382 0 P 0
L 77.25000806 31.2000011 78.15000626 31.2000011 0 P 0
L 77.25000806 34.1499952 78.15000626 34.1499952 0 P 0
L 77.25000806 36.6899952 78.15000626 36.6899952 0 P 0
L 77.25000806 39.65999942 78.15000626 39.65999942 0 P 0
L 77.25000806 42.19999942 78.15000626 42.19999942 0 P 0
L 77.6024991 75.23999938 78.62249706 75.23999938 0 P 0
L 77.6024991 77.77999938 78.62249706 77.77999938 0 P 0
L 77.70000716 30.750002 77.70000716 31.6500002 0 P 0
L 77.70000716 33.6999961 77.70000716 34.5999943 0 P 0
L 77.70000716 36.2399961 77.70000716 37.1399943 0 P 0
L 77.70000716 39.21000032 77.70000716 40.10999852 0 P 0
L 77.70000716 41.75000032 77.70000716 42.64999852 0 P 0
L 77.82500056 58.77500056 78.22499976 58.77500056 0 P 0
L 78.02500016 58.57500096 78.02500016 58.97500016 0 P 0
L 78.11249808 74.7300004 78.11249808 75.74999836 0 P 0
L 78.11249808 77.2700004 78.11249808 78.28999836 0 P 0
L 78.23650088 54.25000072 78.63650008 54.25000072 0 P 0
L 78.42499936 56.98750604 78.82499856 56.98750604 0 P 0
L 78.43650048 54.05000112 78.43650048 54.45000032 0 P 0
L 78.47040694 3.86599938 79.18160694 3.86599938 0 P 0
L 78.47040694 5.6949975 79.18160694 5.6949975 0 P 0
L 78.47040694 7.52399562 79.18160694 7.52399562 0 P 0
L 78.47040694 12.57099848 79.18160694 12.57099848 0 P 0
L 78.47040694 14.3999966 79.18160694 14.3999966 0 P 0
L 78.47040694 16.22899472 79.18160694 16.22899472 0 P 0
L 78.47040694 21.27599758 79.18160694 21.27599758 0 P 0
L 78.47040694 23.1049957 79.18160694 23.1049957 0 P 0
L 78.47040694 24.93399382 79.18160694 24.93399382 0 P 0
L 78.51193594 65.04649678 78.91193514 65.04649678 0 P 0
L 78.62499896 56.78750644 78.62499896 57.18750564 0 P 0
L 78.62600734 1.32500116 79.02600654 1.32500116 0 P 0
L 78.71193554 64.84649718 78.71193554 65.24649638 0 P 0
L 78.82600694 1.12500156 78.82600694 1.52500076 0 P 0
L 78.82600694 3.51039938 78.82600694 4.22159938 0 P 0
L 78.82600694 5.3393975 78.82600694 6.0505975 0 P 0
L 78.82600694 7.16839562 78.82600694 7.87959562 0 P 0
L 78.82600694 12.21539848 78.82600694 12.92659848 0 P 0
L 78.82600694 14.0443966 78.82600694 14.7555966 0 P 0
L 78.82600694 15.87339472 78.82600694 16.58459472 0 P 0
L 78.82600694 20.92039758 78.82600694 21.63159758 0 P 0
L 78.82600694 22.7493957 78.82600694 23.4605957 0 P 0
L 78.82600694 24.57839382 78.82600694 25.28959382 0 P 0
L 79.25000152 58.54999974 79.65000072 58.54999974 0 P 0
L 79.45000112 58.35000014 79.45000112 58.74999934 0 P 0
L 80.1424991 75.23999938 81.16249706 75.23999938 0 P 0
L 80.1424991 77.77999938 81.16249706 77.77999938 0 P 0
L 80.32880048 46.17161708 80.72879968 46.17161708 0 P 0
L 80.52880008 45.97161748 80.52880008 46.37161668 0 P 0
L 80.65249808 74.7300004 80.65249808 75.74999836 0 P 0
L 80.65249808 77.2700004 80.65249808 78.28999836 0 P 0
L 82.12471256 44.37899938 82.52471176 44.37899938 0 P 0
L 82.32471216 44.17899978 82.32471216 44.57899898 0 P 0
L 82.6824991 75.23999938 83.70249706 75.23999938 0 P 0
L 82.6824991 77.77999938 83.70249706 77.77999938 0 P 0
L 83.19249808 74.7300004 83.19249808 75.74999836 0 P 0
L 83.19249808 77.2700004 83.19249808 78.28999836 0 P 0
L 84.56939906 51.0999994 85.28059906 51.0999994 0 P 0
L 84.92499906 50.7443994 84.92499906 51.4555994 0 P 0
L 85.2224991 75.23999938 86.24249706 75.23999938 0 P 0
L 85.2224991 77.77999938 86.24249706 77.77999938 0 P 0
L 85.5195013 56.62382884 85.9195005 56.62382884 0 P 0
L 85.61004722 55.03504614 86.01004642 55.03504614 0 P 0
L 85.7195009 56.42382924 85.7195009 56.82382844 0 P 0
L 85.73249808 74.7300004 85.73249808 75.74999836 0 P 0
L 85.73249808 77.2700004 85.73249808 78.28999836 0 P 0
L 85.81004682 54.83504654 85.81004682 55.23504574 0 P 0
L 87.7624991 75.23999938 88.78249706 75.23999938 0 P 0
L 87.7624991 77.77999938 88.78249706 77.77999938 0 P 0
L 88.03839644 3.86599938 88.74959644 3.86599938 0 P 0
L 88.03839644 5.6949975 88.74959644 5.6949975 0 P 0
L 88.03839644 7.52399562 88.74959644 7.52399562 0 P 0
L 88.03839644 12.57099848 88.74959644 12.57099848 0 P 0
L 88.03839644 14.3999966 88.74959644 14.3999966 0 P 0
L 88.03839644 16.22899472 88.74959644 16.22899472 0 P 0
L 88.03839644 21.27599758 88.74959644 21.27599758 0 P 0
L 88.03839644 23.1049957 88.74959644 23.1049957 0 P 0
L 88.03839644 24.93399382 88.74959644 24.93399382 0 P 0
L 88.03839644 28.067 88.74959644 28.067 0 P 0
L 88.03839644 29.89599812 88.74959644 29.89599812 0 P 0
L 88.03839644 31.72499624 88.74959644 31.72499624 0 P 0
L 88.19399684 1.32500116 88.59399604 1.32500116 0 P 0
L 88.27249808 74.7300004 88.27249808 75.74999836 0 P 0
L 88.27249808 77.2700004 88.27249808 78.28999836 0 P 0
L 88.39399644 1.12500156 88.39399644 1.52500076 0 P 0
L 88.39399644 3.51039938 88.39399644 4.22159938 0 P 0
L 88.39399644 5.3393975 88.39399644 6.0505975 0 P 0
L 88.39399644 7.16839562 88.39399644 7.87959562 0 P 0
L 88.39399644 12.21539848 88.39399644 12.92659848 0 P 0
L 88.39399644 14.0443966 88.39399644 14.7555966 0 P 0
L 88.39399644 15.87339472 88.39399644 16.58459472 0 P 0
L 88.39399644 20.92039758 88.39399644 21.63159758 0 P 0
L 88.39399644 22.7493957 88.39399644 23.4605957 0 P 0
L 88.39399644 24.57839382 88.39399644 25.28959382 0 P 0
L 88.39399644 27.7114 88.39399644 28.4226 0 P 0
L 88.39399644 29.54039812 88.39399644 30.25159812 0 P 0
L 88.39399644 31.36939624 88.39399644 32.08059624 0 P 0
L 88.9499999 58.37499882 89.3499991 58.37499882 0 P 0
L 88.9499999 59.8305128 89.3499991 59.8305128 0 P 0
L 88.9499999 61.69999852 89.3499991 61.69999852 0 P 0
L 88.9499999 64.37499952 89.3499991 64.37499952 0 P 0
L 88.9499999 66.03136654 89.3499991 66.03136654 0 P 0
L 88.9499999 67.57500074 89.3499991 67.57500074 0 P 0
L 89.1499995 58.17499922 89.1499995 58.57499842 0 P 0
L 89.1499995 59.6305132 89.1499995 60.0305124 0 P 0
L 89.1499995 61.49999892 89.1499995 61.89999812 0 P 0
L 89.1499995 64.17499992 89.1499995 64.57499912 0 P 0
L 89.1499995 65.83136694 89.1499995 66.23136614 0 P 0
L 89.1499995 67.37500114 89.1499995 67.77500034 0 P 0
L 89.86739456 3.86599938 90.57859456 3.86599938 0 P 0
L 89.86739456 5.6949975 90.57859456 5.6949975 0 P 0
L 89.86739456 7.52399562 90.57859456 7.52399562 0 P 0
L 89.86739456 12.57099848 90.57859456 12.57099848 0 P 0
L 89.86739456 14.3999966 90.57859456 14.3999966 0 P 0
L 89.86739456 16.22899472 90.57859456 16.22899472 0 P 0
L 89.86739456 21.27599758 90.57859456 21.27599758 0 P 0
L 89.86739456 23.1049957 90.57859456 23.1049957 0 P 0
L 89.86739456 24.93399382 90.57859456 24.93399382 0 P 0
L 89.86739456 28.067 90.57859456 28.067 0 P 0
L 89.86739456 29.89599812 90.57859456 29.89599812 0 P 0
L 89.86739456 31.72499624 90.57859456 31.72499624 0 P 0
L 90.22299456 3.51039938 90.22299456 4.22159938 0 P 0
L 90.22299456 5.3393975 90.22299456 6.0505975 0 P 0
L 90.22299456 7.16839562 90.22299456 7.87959562 0 P 0
L 90.22299456 12.21539848 90.22299456 12.92659848 0 P 0
L 90.22299456 14.0443966 90.22299456 14.7555966 0 P 0
L 90.22299456 15.87339472 90.22299456 16.58459472 0 P 0
L 90.22299456 20.92039758 90.22299456 21.63159758 0 P 0
L 90.22299456 22.7493957 90.22299456 23.4605957 0 P 0
L 90.22299456 24.57839382 90.22299456 25.28959382 0 P 0
L 90.22299456 27.7114 90.22299456 28.4226 0 P 0
L 90.22299456 29.54039812 90.22299456 30.25159812 0 P 0
L 90.22299456 31.36939624 90.22299456 32.08059624 0 P 0
L 90.3024991 75.23999938 91.32249706 75.23999938 0 P 0
L 90.3024991 77.77999938 91.32249706 77.77999938 0 P 0
L 90.81249808 74.7300004 90.81249808 75.74999836 0 P 0
L 90.81249808 77.2700004 90.81249808 78.28999836 0 P 0
L 90.85000118 67.77500034 91.25000038 67.77500034 0 P 0
L 91.05000078 67.57500074 91.05000078 67.97499994 0 P 0
L 91.92724312 50.27288396 92.32724232 50.27288396 0 P 0
L 91.94825146 66.23013424 92.34825066 66.23013424 0 P 0
L 92.12724272 50.07288436 92.12724272 50.47288356 0 P 0
L 92.14825106 66.03013464 92.14825106 66.43013384 0 P 0
L 92.8424991 75.23999938 93.86249706 75.23999938 0 P 0
L 92.8424991 77.77999938 93.86249706 77.77999938 0 P 0
L 92.8500048 4.4249975 93.750003 4.4249975 0 P 0
L 92.8500048 6.9649975 93.750003 6.9649975 0 P 0
L 92.8500048 13.1299966 93.750003 13.1299966 0 P 0
L 92.8500048 15.6699966 93.750003 15.6699966 0 P 0
L 92.8500048 21.8349957 93.750003 21.8349957 0 P 0
L 92.8500048 24.3749957 93.750003 24.3749957 0 P 0
L 93.3000039 3.9749984 93.3000039 4.8749966 0 P 0
L 93.3000039 6.5149984 93.3000039 7.4149966 0 P 0
L 93.3000039 12.6799975 93.3000039 13.5799957 0 P 0
L 93.3000039 15.2199975 93.3000039 16.1199957 0 P 0
L 93.3000039 21.3849966 93.3000039 22.2849948 0 P 0
L 93.3000039 23.9249966 93.3000039 24.8249948 0 P 0
L 93.35249808 74.7300004 93.35249808 75.74999836 0 P 0
L 93.35249808 77.2700004 93.35249808 78.28999836 0 P 0
L 93.50000096 59.84999968 93.90000016 59.84999968 0 P 0
L 93.62283536 56.39999896 94.02283456 56.39999896 0 P 0
L 93.70000056 59.65000008 93.70000056 60.04999928 0 P 0
L 93.82283496 56.19999936 93.82283496 56.59999856 0 P 0
L 94.4500016 44.5499998 94.8500008 44.5499998 0 P 0
L 94.49839876 39.3105005 95.20959876 39.3105005 0 P 0
L 94.50619402 41.13284128 95.21739402 41.13284128 0 P 0
L 94.6500012 44.3500002 94.6500012 44.7499994 0 P 0
L 94.85399876 38.9549005 94.85399876 39.6661005 0 P 0
L 94.86179402 40.77724128 94.86179402 41.48844128 0 P 0
L 95.0000005 56.39999896 95.3999997 56.39999896 0 P 0
L 95.2000001 56.19999936 95.2000001 56.59999856 0 P 0
L 95.3824991 75.23999938 96.40249706 75.23999938 0 P 0
L 95.3824991 77.77999938 96.40249706 77.77999938 0 P 0
L 95.82500012 46.4214972 96.22499932 46.4214972 0 P 0
L 95.89249808 74.7300004 95.89249808 75.74999836 0 P 0
L 95.89249808 77.2700004 95.89249808 78.28999836 0 P 0
L 96.02499972 46.2214976 96.02499972 46.6214968 0 P 0
L 96.13177624 34.76250096 96.53177544 34.76250096 0 P 0
L 96.14219532 51.56949808 96.54219452 51.56949808 0 P 0
L 96.14219532 53.12501186 96.54219452 53.12501186 0 P 0
L 96.14219532 55.62501194 96.54219452 55.62501194 0 P 0
L 96.14219532 56.62501248 96.54219452 56.62501248 0 P 0
L 96.14219532 60.25949848 96.54219452 60.25949848 0 P 0
L 96.14219532 63.62501118 96.54219452 63.62501118 0 P 0
L 96.14219532 64.62501172 96.54219452 64.62501172 0 P 0
L 96.14219532 65.62501226 96.54219452 65.62501226 0 P 0
L 96.17499942 33.27500076 96.57499862 33.27500076 0 P 0
L 96.17499942 36.25000116 96.57499862 36.25000116 0 P 0
L 96.30000044 1.1400282 96.69999964 1.1400282 0 P 0
L 96.30000044 11.05687908 96.69999964 11.05687908 0 P 0
L 96.30000044 12.39312228 96.69999964 12.39312228 0 P 0
L 96.30000044 22.55687894 96.69999964 22.55687894 0 P 0
L 96.33177584 34.56250136 96.33177584 34.96250056 0 P 0
L 96.34219492 51.36949848 96.34219492 51.76949768 0 P 0
L 96.34219492 52.92501226 96.34219492 53.32501146 0 P 0
L 96.34219492 55.42501234 96.34219492 55.82501154 0 P 0
L 96.34219492 56.42501288 96.34219492 56.82501208 0 P 0
L 96.34219492 60.05949888 96.34219492 60.45949808 0 P 0
L 96.34219492 63.42501158 96.34219492 63.82501078 0 P 0
L 96.34219492 64.42501212 96.34219492 64.82501132 0 P 0
L 96.34219492 65.42501266 96.34219492 65.82501186 0 P 0
L 96.37499902 33.07500116 96.37499902 33.47500036 0 P 0
L 96.37499902 36.05000156 96.37499902 36.45000076 0 P 0
L 96.50000004 0.9400286 96.50000004 1.3400278 0 P 0
L 96.50000004 10.85687948 96.50000004 11.25687868 0 P 0
L 96.50000004 12.19312268 96.50000004 12.59312188 0 P 0
L 96.50000004 22.35687934 96.50000004 22.75687854 0 P 0
L 97.00004222 29.88188588 97.40004142 29.88188588 0 P 0
L 97.20004182 29.68188628 97.20004182 30.08188548 0 P 0
L 98.04999948 72.95689498 98.44999868 72.95689498 0 P 0
L 98.24999908 72.75689538 98.24999908 73.15689458 0 P 0
L 98.50003668 29.88188588 98.90003588 29.88188588 0 P 0
L 98.59999584 68.97501064 98.99999504 68.97501064 0 P 0
L 98.70003628 29.68188628 98.70003628 30.08188548 0 P 0
L 98.79999544 68.77501104 98.79999544 69.17501024 0 P 0
L 99.01499374 34.75999906 100.0349917 34.75999906 0 P 0
L 99.01499374 37.29999906 100.0349917 37.29999906 0 P 0
L 99.0349937 75.23999938 100.05499166 75.23999938 0 P 0
L 99.0349937 77.77999938 100.05499166 77.77999938 0 P 0
L 99.07497076 44.71721308 99.47496996 44.71721308 0 P 0
L 99.20779244 48.1250117 99.60779164 48.1250117 0 P 0
L 99.20779244 53.6250134 99.60779164 53.6250134 0 P 0
L 99.20779244 55.12501294 99.60779164 55.12501294 0 P 0
L 99.20779244 56.12501348 99.60779164 56.12501348 0 P 0
L 99.20779244 57.12501148 99.60779164 57.12501148 0 P 0
L 99.20779244 58.62501102 99.60779164 58.62501102 0 P 0
L 99.20779244 59.62501156 99.60779164 59.62501156 0 P 0
L 99.20779244 62.12501164 99.60779164 62.12501164 0 P 0
L 99.20779244 63.12501218 99.60779164 63.12501218 0 P 0
L 99.20779244 64.12501272 99.60779164 64.12501272 0 P 0
L 99.27497036 44.51721348 99.27497036 44.91721268 0 P 0
L 99.40779204 47.9250121 99.40779204 48.3250113 0 P 0
L 99.40779204 53.4250138 99.40779204 53.825013 0 P 0
L 99.40779204 54.92501334 99.40779204 55.32501254 0 P 0
L 99.40779204 55.92501388 99.40779204 56.32501308 0 P 0
L 99.40779204 56.92501188 99.40779204 57.32501108 0 P 0
L 99.40779204 58.42501142 99.40779204 58.82501062 0 P 0
L 99.40779204 59.42501196 99.40779204 59.82501116 0 P 0
L 99.40779204 61.92501204 99.40779204 62.32501124 0 P 0
L 99.40779204 62.92501258 99.40779204 63.32501178 0 P 0
L 99.40779204 63.92501312 99.40779204 64.32501232 0 P 0
L 99.52499272 34.25000008 99.52499272 35.26999804 0 P 0
L 99.52499272 36.79000008 99.52499272 37.80999804 0 P 0
L 99.54499268 74.7300004 99.54499268 75.74999836 0 P 0
L 99.54499268 77.2700004 99.54499268 78.28999836 0 P 0
L 100.00000066 51.3999988 100.39999986 51.3999988 0 P 0
L 100.00003114 29.88188588 100.40003034 29.88188588 0 P 0
L 100.05000056 40.80949928 100.44999976 40.80949928 0 P 0
L 100.20000026 51.1999992 100.20000026 51.5999984 0 P 0
L 100.20003074 29.68188628 100.20003074 30.08188548 0 P 0
L 100.25000016 40.60949968 100.25000016 41.00949888 0 P 0
L 100.3208433 48.45871436 100.7208425 48.45871436 0 P 0
L 100.3569748 65.96511064 100.756974 65.96511064 0 P 0
L 100.4852956 57.52500052 100.8852948 57.52500052 0 P 0
L 100.5208429 48.25871476 100.5208429 48.65871396 0 P 0
L 100.54999448 44.71721308 100.94999368 44.71721308 0 P 0
L 100.5569744 65.76511104 100.5569744 66.16511024 0 P 0
L 100.6852952 57.32500092 100.6852952 57.72500012 0 P 0
L 100.74999408 44.51721348 100.74999408 44.91721268 0 P 0
L 100.77500038 61.17500084 101.17499958 61.17500084 0 P 0
L 100.87500018 52.44999924 101.27499938 52.44999924 0 P 0
L 100.97499998 60.97500124 100.97499998 61.37500044 0 P 0
L 101.07499978 52.24999964 101.07499978 52.64999884 0 P 0
L 101.11899766 4.80000056 101.88099766 4.80000056 0 P 0
L 101.49999766 4.41900056 101.49999766 5.18100056 0 P 0
L 101.5000256 29.88188588 101.9000248 29.88188588 0 P 0
L 101.51893844 65.96511064 101.91893764 65.96511064 0 P 0
L 101.55499374 34.75999906 102.5749917 34.75999906 0 P 0
L 101.55499374 37.29999906 102.5749917 37.29999906 0 P 0
L 101.5749937 75.23999938 102.59499166 75.23999938 0 P 0
L 101.5749937 77.77999938 102.59499166 77.77999938 0 P 0
L 101.7000252 29.68188628 101.7000252 30.08188548 0 P 0
L 101.71893804 65.76511104 101.71893804 66.16511024 0 P 0
L 102.06499272 34.25000008 102.06499272 35.26999804 0 P 0
L 102.06499272 36.79000008 102.06499272 37.80999804 0 P 0
L 102.08499268 74.7300004 102.08499268 75.74999836 0 P 0
L 102.08499268 77.2700004 102.08499268 78.28999836 0 P 0
L 102.4997569 49.67523974 102.8997561 49.67523974 0 P 0
L 102.54998286 72.95689498 102.94998206 72.95689498 0 P 0
L 102.54999302 44.71721308 102.94999222 44.71721308 0 P 0
L 102.6997565 49.47524014 102.6997565 49.87523934 0 P 0
L 102.74998246 72.75689538 102.74998246 73.15689458 0 P 0
L 102.74999262 44.51721348 102.74999262 44.91721268 0 P 0
L 102.84999496 65.96721376 103.24999416 65.96721376 0 P 0
L 102.87500126 43.42500078 103.27500046 43.42500078 0 P 0
L 102.87500126 64.32499962 103.27500046 64.32499962 0 P 0
L 103.00002006 29.88188588 103.40001926 29.88188588 0 P 0
L 103.04999456 65.76721416 103.04999456 66.16721336 0 P 0
L 103.07500086 43.22500118 103.07500086 43.62500038 0 P 0
L 103.07500086 64.12500002 103.07500086 64.52499922 0 P 0
L 103.20001966 29.68188628 103.20001966 30.08188548 0 P 0
L 103.40180488 60.86356128 103.80180408 60.86356128 0 P 0
L 103.60180448 60.66356168 103.60180448 61.06356088 0 P 0
L 103.74999316 65.96721376 104.14999236 65.96721376 0 P 0
L 103.84049336 42.75000086 104.24049256 42.75000086 0 P 0
L 103.94999276 65.76721416 103.94999276 66.16721336 0 P 0
L 104.04049296 42.55000126 104.04049296 42.95000046 0 P 0
L 104.0499951 69.03281088 104.4499943 69.03281088 0 P 0
L 104.05000018 55.53281248 104.44999938 55.53281248 0 P 0
L 104.09499374 34.75999906 105.1149917 34.75999906 0 P 0
L 104.09499374 37.29999906 105.1149917 37.29999906 0 P 0
L 104.1149937 75.23999938 105.13499166 75.23999938 0 P 0
L 104.1149937 77.77999938 105.13499166 77.77999938 0 P 0
L 104.2499947 68.83281128 104.2499947 69.23281048 0 P 0
L 104.24999978 55.33281288 104.24999978 55.73281208 0 P 0
L 104.31258792 60.14195236 104.71258712 60.14195236 0 P 0
L 104.35828506 48.19171718 104.75828426 48.19171718 0 P 0
L 104.50001452 29.88188588 104.90001372 29.88188588 0 P 0
L 104.51258752 59.94195276 104.51258752 60.34195196 0 P 0
L 104.5499941 72.95689498 104.9499933 72.95689498 0 P 0
L 104.55828466 47.99171758 104.55828466 48.39171678 0 P 0
L 104.60499272 34.25000008 104.60499272 35.26999804 0 P 0
L 104.60499272 36.79000008 104.60499272 37.80999804 0 P 0
L 104.62499268 74.7300004 104.62499268 75.74999836 0 P 0
L 104.62499268 77.2700004 104.62499268 78.28999836 0 P 0
L 104.70001412 29.68188628 104.70001412 30.08188548 0 P 0
L 104.7499937 72.75689538 104.7499937 73.15689458 0 P 0
L 105.40000002 17.79999996 105.79999922 17.79999996 0 P 0
L 105.49573008 48.4293291 105.89572928 48.4293291 0 P 0
L 105.59999962 17.60000036 105.59999962 17.99999956 0 P 0
L 105.63016466 50.40245952 106.03016386 50.40245952 0 P 0
L 105.69572968 48.2293295 105.69572968 48.6293287 0 P 0
L 105.83016426 50.20245992 105.83016426 50.60245912 0 P 0
L 106.00000898 29.88188588 106.40000818 29.88188588 0 P 0
L 106.04999364 69.03281088 106.44999284 69.03281088 0 P 0
L 106.20000858 29.68188628 106.20000858 30.08188548 0 P 0
L 106.24999324 68.83281128 106.24999324 69.23281048 0 P 0
L 106.54999518 47.7828102 106.94999438 47.7828102 0 P 0
L 106.54999518 65.42499996 106.94999438 65.42499996 0 P 0
L 106.63499374 34.75999906 107.6549917 34.75999906 0 P 0
L 106.63499374 37.29999906 107.6549917 37.29999906 0 P 0
L 106.6549937 75.23999938 107.67499166 75.23999938 0 P 0
L 106.6549937 77.77999938 107.67499166 77.77999938 0 P 0
L 106.74999478 47.5828106 106.74999478 47.9828098 0 P 0
L 106.74999478 65.22500036 106.74999478 65.62499956 0 P 0
L 107.04999418 40.79312898 107.44999338 40.79312898 0 P 0
L 107.04999418 44.71721308 107.44999338 44.71721308 0 P 0
L 107.14499272 34.25000008 107.14499272 35.26999804 0 P 0
L 107.14499272 36.79000008 107.14499272 37.80999804 0 P 0
L 107.16499268 74.7300004 107.16499268 75.74999836 0 P 0
L 107.16499268 77.2700004 107.16499268 78.28999836 0 P 0
L 107.24999378 40.59312938 107.24999378 40.99312858 0 P 0
L 107.24999378 44.51721348 107.24999378 44.91721268 0 P 0
L 107.50000344 29.88188588 107.90000264 29.88188588 0 P 0
L 107.5499881 69.03281088 107.9499873 69.03281088 0 P 0
L 107.5499881 72.95689498 107.9499873 72.95689498 0 P 0
L 107.54999318 47.7828102 107.94999238 47.7828102 0 P 0
L 107.70000304 29.68188628 107.70000304 30.08188548 0 P 0
L 107.7499877 68.83281128 107.7499877 69.23281048 0 P 0
L 107.7499877 72.75689538 107.7499877 73.15689458 0 P 0
L 107.74999278 47.5828106 107.74999278 47.9828098 0 P 0
L 108.04999472 44.71721308 108.44999392 44.71721308 0 P 0
L 108.24999432 44.51721348 108.24999432 44.91721268 0 P 0
L 108.54999372 65.96721376 108.94999292 65.96721376 0 P 0
L 108.74999332 65.76721416 108.74999332 66.16721336 0 P 0
L 108.8484869 47.77843124 109.2484861 47.77843124 0 P 0
L 108.9999979 29.88188588 109.3999971 29.88188588 0 P 0
L 109.0484865 47.57843164 109.0484865 47.97843084 0 P 0
L 109.04998256 72.95689498 109.44998176 72.95689498 0 P 0
L 109.04999526 44.71721308 109.44999446 44.71721308 0 P 0
L 109.04999526 69.03281088 109.44999446 69.03281088 0 P 0
L 109.11899944 4.80000056 109.88099944 4.80000056 0 P 0
L 109.17499374 34.75999906 110.1949917 34.75999906 0 P 0
L 109.17499374 37.29999906 110.1949917 37.29999906 0 P 0
L 109.17500136 59.57499896 109.57500056 59.57499896 0 P 0
L 109.1949937 75.23999938 110.21499166 75.23999938 0 P 0
L 109.1949937 77.77999938 110.21499166 77.77999938 0 P 0
L 109.1999975 29.68188628 109.1999975 30.08188548 0 P 0
L 109.24998216 72.75689538 109.24998216 73.15689458 0 P 0
L 109.24999486 44.51721348 109.24999486 44.91721268 0 P 0
L 109.24999486 68.83281128 109.24999486 69.23281048 0 P 0
L 109.37500096 59.37499936 109.37500096 59.77499856 0 P 0
L 109.49999944 4.41900056 109.49999944 5.18100056 0 P 0
L 109.54999426 65.42499996 109.94999346 65.42499996 0 P 0
L 109.68499272 34.25000008 109.68499272 35.26999804 0 P 0
L 109.68499272 36.79000008 109.68499272 37.80999804 0 P 0
L 109.70499268 74.7300004 109.70499268 75.74999836 0 P 0
L 109.70499268 77.2700004 109.70499268 78.28999836 0 P 0
L 109.7484851 47.77843124 110.1484843 47.77843124 0 P 0
L 109.74999386 65.22500036 109.74999386 65.62499956 0 P 0
L 109.9484847 47.57843164 109.9484847 47.97843084 0 P 0
L 109.95000108 58.57500096 110.35000028 58.57500096 0 P 0
L 110.15000068 58.37500136 110.15000068 58.77500056 0 P 0
L 110.49999236 29.88188588 110.89999156 29.88188588 0 P 0
L 110.5499948 72.95689498 110.949994 72.95689498 0 P 0
L 110.69999196 29.68188628 110.69999196 30.08188548 0 P 0
L 110.7499944 72.75689538 110.7499944 73.15689458 0 P 0
L 111.0499938 69.03281088 111.449993 69.03281088 0 P 0
L 111.2082358 58.32015006 111.608235 58.32015006 0 P 0
L 111.2499934 68.83281128 111.2499934 69.23281048 0 P 0
L 111.4082354 58.12015046 111.4082354 58.52014966 0 P 0
L 111.54830116 65.9689054 111.94830036 65.9689054 0 P 0
L 111.54999534 47.7828102 111.94999454 47.7828102 0 P 0
L 111.71499374 34.75999906 112.7349917 34.75999906 0 P 0
L 111.71499374 37.29999906 112.7349917 37.29999906 0 P 0
L 111.7349937 75.23999938 112.75499166 75.23999938 0 P 0
L 111.7349937 77.77999938 112.75499166 77.77999938 0 P 0
L 111.74830076 65.7689058 111.74830076 66.168905 0 P 0
L 111.74999494 47.5828106 111.74999494 47.9828098 0 P 0
L 111.99839932 64.89521692 112.39839852 64.89521692 0 P 0
L 111.99998682 29.88188588 112.39998602 29.88188588 0 P 0
L 112.04998926 72.95689498 112.44998846 72.95689498 0 P 0
L 112.04999434 40.79312898 112.44999354 40.79312898 0 P 0
L 112.04999434 44.71721308 112.44999354 44.71721308 0 P 0
L 112.04999434 69.03281088 112.44999354 69.03281088 0 P 0
L 112.19839892 64.69521732 112.19839892 65.09521652 0 P 0
L 112.19998642 29.68188628 112.19998642 30.08188548 0 P 0
L 112.22499272 34.25000008 112.22499272 35.26999804 0 P 0
L 112.22499272 36.79000008 112.22499272 37.80999804 0 P 0
L 112.24499268 74.7300004 112.24499268 75.74999836 0 P 0
L 112.24499268 77.2700004 112.24499268 78.28999836 0 P 0
L 112.24998886 72.75689538 112.24998886 73.15689458 0 P 0
L 112.24999394 40.59312938 112.24999394 40.99312858 0 P 0
L 112.24999394 44.51721348 112.24999394 44.91721268 0 P 0
L 112.24999394 68.83281128 112.24999394 69.23281048 0 P 0
L 112.54999334 47.7828102 112.94999254 47.7828102 0 P 0
L 112.6000034 1.09312202 113.0000026 1.09312202 0 P 0
L 112.6000034 11.05687908 113.0000026 11.05687908 0 P 0
L 112.6000034 12.39312228 113.0000026 12.39312228 0 P 0
L 112.6000034 22.49050366 113.0000026 22.49050366 0 P 0
L 112.74999294 47.5828106 112.74999294 47.9828098 0 P 0
L 112.800003 0.89312242 112.800003 1.29312162 0 P 0
L 112.800003 10.85687948 112.800003 11.25687868 0 P 0
L 112.800003 12.19312268 112.800003 12.59312188 0 P 0
L 112.800003 22.29050406 112.800003 22.69050326 0 P 0
L 113.27500078 64.89999974 113.67499998 64.89999974 0 P 0
L 113.47500038 64.70000014 113.47500038 65.09999934 0 P 0
L 113.49998128 29.88188588 113.89998048 29.88188588 0 P 0
L 113.69998088 29.68188628 113.69998088 30.08188548 0 P 0
L 113.77669396 50.02669192 114.17669316 50.02669192 0 P 0
L 113.87499958 70.7499728 114.27499878 70.7499728 0 P 0
L 113.92499948 72.00000078 114.32499868 72.00000078 0 P 0
L 113.97669356 49.82669232 113.97669356 50.22669152 0 P 0
L 114.07499918 70.5499732 114.07499918 70.9499724 0 P 0
L 114.12499908 71.80000118 114.12499908 72.20000038 0 P 0
L 114.17502438 65.96721376 114.57502358 65.96721376 0 P 0
L 114.25499374 34.75999906 115.2749917 34.75999906 0 P 0
L 114.25499374 37.29999906 115.2749917 37.29999906 0 P 0
L 114.2749937 75.23999938 115.29499166 75.23999938 0 P 0
L 114.2749937 77.77999938 115.29499166 77.77999938 0 P 0
L 114.37502398 65.76721416 114.37502398 66.16721336 0 P 0
L 114.76499272 34.25000008 114.76499272 35.26999804 0 P 0
L 114.76499272 36.79000008 114.76499272 37.80999804 0 P 0
L 114.78499268 74.7300004 114.78499268 75.74999836 0 P 0
L 114.78499268 77.2700004 114.78499268 78.28999836 0 P 0
L 114.90000134 22.30000112 115.30000054 22.30000112 0 P 0
L 114.99997574 29.88188588 115.39997494 29.88188588 0 P 0
L 115.05273408 60.65680528 115.45273328 60.65680528 0 P 0
L 115.10000094 22.10000152 115.10000094 22.50000072 0 P 0
L 115.19997534 29.68188628 115.19997534 30.08188548 0 P 0
L 115.24914466 64.56405426 115.64914386 64.56405426 0 P 0
L 115.25273368 60.45680568 115.25273368 60.85680488 0 P 0
L 115.44914426 64.36405466 115.44914426 64.76405386 0 P 0
L 115.54999496 69.03281088 115.94999416 69.03281088 0 P 0
L 115.64439914 12.56851182 116.35559914 12.56851182 0 P 0
L 115.64439914 14.71851006 116.35559914 14.71851006 0 P 0
L 115.64439914 17.1185078 116.35559914 17.1185078 0 P 0
L 115.64439914 19.51850554 116.35559914 19.51850554 0 P 0
L 115.74999456 68.83281128 115.74999456 69.23281048 0 P 0
L 115.99999914 12.21291182 115.99999914 12.92411182 0 P 0
L 115.99999914 14.36291006 115.99999914 15.07411006 0 P 0
L 115.99999914 16.7629078 115.99999914 17.4741078 0 P 0
L 115.99999914 19.16290554 115.99999914 19.87410554 0 P 0
L 116.02500036 47.7828102 116.42499956 47.7828102 0 P 0
L 116.03702472 66.09641848 116.43702392 66.09641848 0 P 0
L 116.18368432 59.64386852 116.58368352 59.64386852 0 P 0
L 116.22499996 47.5828106 116.22499996 47.9828098 0 P 0
L 116.23702432 65.89641888 116.23702432 66.29641808 0 P 0
L 116.38368392 59.44386892 116.38368392 59.84386812 0 P 0
L 116.4999702 29.88188588 116.8999694 29.88188588 0 P 0
L 116.66000036 2.2499574 117.25999916 2.2499574 0 P 0
L 116.6999698 29.68188628 116.6999698 30.08188548 0 P 0
L 116.79499374 34.75999906 117.8149917 34.75999906 0 P 0
L 116.79499374 37.29999906 117.8149917 37.29999906 0 P 0
L 116.8149937 75.23999938 117.83499166 75.23999938 0 P 0
L 116.8149937 77.77999938 117.83499166 77.77999938 0 P 0
L 116.95999976 1.949958 116.95999976 2.5499568 0 P 0
L 117.04998942 68.99049956 117.44998862 68.99049956 0 P 0
L 117.0499945 40.79312898 117.4499937 40.79312898 0 P 0
L 117.0499945 44.71721308 117.4499937 44.71721308 0 P 0
L 117.24998902 68.79049996 117.24998902 69.19049916 0 P 0
L 117.2499941 40.59312938 117.2499941 40.99312858 0 P 0
L 117.2499941 44.51721348 117.2499941 44.91721268 0 P 0
L 117.24999918 49.12500208 117.64999838 49.12500208 0 P 0
L 117.24999918 51.12500062 117.64999838 51.12500062 0 P 0
L 117.30499272 34.25000008 117.30499272 35.26999804 0 P 0
L 117.30499272 36.79000008 117.30499272 37.80999804 0 P 0
L 117.32499268 74.7300004 117.32499268 75.74999836 0 P 0
L 117.32499268 77.2700004 117.32499268 78.28999836 0 P 0
L 117.392196 53.12501186 117.7921952 53.12501186 0 P 0
L 117.392196 54.1250124 117.7921952 54.1250124 0 P 0
L 117.392196 55.62501194 117.7921952 55.62501194 0 P 0
L 117.392196 56.62501248 117.7921952 56.62501248 0 P 0
L 117.392196 57.62501302 117.7921952 57.62501302 0 P 0
L 117.392196 58.62501102 117.7921952 58.62501102 0 P 0
L 117.392196 65.12501326 117.7921952 65.12501326 0 P 0
L 117.44999878 48.92500248 117.44999878 49.32500168 0 P 0
L 117.44999878 50.92500102 117.44999878 51.32500022 0 P 0
L 117.46000384 6.81811438 117.86000304 6.81811438 0 P 0
L 117.5921956 52.92501226 117.5921956 53.32501146 0 P 0
L 117.5921956 53.9250128 117.5921956 54.325012 0 P 0
L 117.5921956 55.42501234 117.5921956 55.82501154 0 P 0
L 117.5921956 56.42501288 117.5921956 56.82501208 0 P 0
L 117.5921956 57.42501342 117.5921956 57.82501262 0 P 0
L 117.5921956 58.42501142 117.5921956 58.82501062 0 P 0
L 117.5921956 64.92501366 117.5921956 65.32501286 0 P 0
L 117.66000344 6.61811478 117.66000344 7.01811398 0 P 0
L 117.99996466 29.88188588 118.39996386 29.88188588 0 P 0
L 118.10000002 20.79999904 118.49999922 20.79999904 0 P 0
L 118.19996426 29.68188628 118.19996426 30.08188548 0 P 0
L 118.29999962 20.59999944 118.29999962 20.99999864 0 P 0
L 118.43187388 71.62501042 118.83187308 71.62501042 0 P 0
L 118.63187348 71.42501082 118.63187348 71.82501002 0 P 0
L 119.49995912 29.88188588 119.89995832 29.88188588 0 P 0
L 119.57500088 8.30000118 119.97500008 8.30000118 0 P 0
L 119.59999956 45.0499988 119.99999876 45.0499988 0 P 0
L 119.69995872 29.68188628 119.69995872 30.08188548 0 P 0
L 119.77500048 8.10000158 119.77500048 8.50000078 0 P 0
L 119.79999916 44.8499992 119.79999916 45.2499984 0 P 0
L 120.2000009 71.62501042 120.6000001 71.62501042 0 P 0
L 120.4000005 71.42501082 120.4000005 71.82501002 0 P 0
L 120.45779312 52.62501286 120.85779232 52.62501286 0 P 0
L 120.45779312 53.62501086 120.85779232 53.62501086 0 P 0
L 120.45779312 54.6250114 120.85779232 54.6250114 0 P 0
L 120.45779312 56.12501094 120.85779232 56.12501094 0 P 0
L 120.45779312 58.12501202 120.85779232 58.12501202 0 P 0
L 120.45779312 59.12501256 120.85779232 59.12501256 0 P 0
L 120.45779312 60.6250121 120.85779232 60.6250121 0 P 0
L 120.45779312 61.65779134 120.85779232 61.65779134 0 P 0
L 120.45779312 65.62501226 120.85779232 65.62501226 0 P 0
L 120.65779272 52.42501326 120.65779272 52.82501246 0 P 0
L 120.65779272 53.42501126 120.65779272 53.82501046 0 P 0
L 120.65779272 54.4250118 120.65779272 54.825011 0 P 0
L 120.65779272 55.92501134 120.65779272 56.32501054 0 P 0
L 120.65779272 57.92501242 120.65779272 58.32501162 0 P 0
L 120.65779272 58.92501296 120.65779272 59.32501216 0 P 0
L 120.65779272 60.4250125 120.65779272 60.8250117 0 P 0
L 120.65779272 61.45779174 120.65779272 61.85779094 0 P 0
L 120.65779272 65.42501266 120.65779272 65.82501186 0 P 0
L 120.66811528 42.87501204 121.06811448 42.87501204 0 P 0
L 120.86811488 42.67501244 120.86811488 43.07501164 0 P 0
L 120.92500072 44.9999989 121.32499992 44.9999989 0 P 0
L 121.12500032 44.7999993 121.12500032 45.1999985 0 P 0
L 121.48447128 46.24999894 121.88447048 46.24999894 0 P 0
L 121.68447088 46.04999934 121.68447088 46.44999854 0 P 0
L 121.95779012 57.12501148 122.35778932 57.12501148 0 P 0
L 122.15778972 56.92501188 122.15778972 57.32501108 0 P 0
L 122.28979606 68.97500048 122.68979526 68.97500048 0 P 0
L 122.29999924 8.30000118 122.69999844 8.30000118 0 P 0
L 122.40000158 30.02499964 122.80000078 30.02499964 0 P 0
L 122.48979566 68.77500088 122.48979566 69.17500008 0 P 0
L 122.49999884 8.10000158 122.49999884 8.50000078 0 P 0
L 122.55000128 50.22499988 122.95000048 50.22499988 0 P 0
L 122.60000118 29.82500004 122.60000118 30.22499924 0 P 0
L 122.75000088 50.02500028 122.75000088 50.42499948 0 P 0
L 122.90914712 54.82501354 123.30914632 54.82501354 0 P 0
L 122.99999276 52.2431264 123.39999196 52.2431264 0 P 0
L 123.00000038 46.29999884 123.39999958 46.29999884 0 P 0
L 123.10914672 54.62501394 123.10914672 55.02501314 0 P 0
L 123.19999236 52.0431268 123.19999236 52.443126 0 P 0
L 123.19999998 46.09999924 123.19999998 46.49999844 0 P 0
L 123.26242048 30.94999906 123.66241968 30.94999906 0 P 0
L 123.46242008 30.74999946 123.46242008 31.14999866 0 P 0
L 124.2249992 31.87500102 124.6249984 31.87500102 0 P 0
L 124.3276787 65.62501226 124.7276779 65.62501226 0 P 0
L 124.38187722 59.12501256 124.78187642 59.12501256 0 P 0
L 124.4249988 31.67500142 124.4249988 32.07500062 0 P 0
L 124.48187702 61.37500552 124.88187622 61.37500552 0 P 0
L 124.49999992 62.9000012 124.89999912 62.9000012 0 P 0
L 124.5276783 65.42501266 124.5276783 65.82501186 0 P 0
L 124.5599998 2.2499574 125.1599986 2.2499574 0 P 0
L 124.58187682 58.92501296 124.58187682 59.32501216 0 P 0
L 124.60999462 6.81811438 125.00999382 6.81811438 0 P 0
L 124.68187662 61.17500592 124.68187662 61.57500512 0 P 0
L 124.69999952 62.7000016 124.69999952 63.1000008 0 P 0
L 124.80999422 6.61811478 124.80999422 7.01811398 0 P 0
L 124.8599992 1.949958 124.8599992 2.5499568 0 P 0
L 125.2249972 32.82500166 125.6249964 32.82500166 0 P 0
L 125.4249968 32.62500206 125.4249968 33.02500126 0 P 0
L 125.70000006 34.10000038 126.09999926 34.10000038 0 P 0
L 125.89999966 33.90000078 125.89999966 34.29999998 0 P 0
L 126.10999416 6.81811438 126.50999336 6.81811438 0 P 0
L 126.30999376 6.61811478 126.30999376 7.01811398 0 P 0
L 126.67499938 76.92499982 127.07499858 76.92499982 0 P 0
L 126.87499898 76.72500022 126.87499898 77.12499942 0 P 0
L 127.8999982 65.17926512 128.2999974 65.17926512 0 P 0
L 128.0999978 64.97926552 128.0999978 65.37926472 0 P 0
L 128.40015976 66.82936088 128.80015896 66.82936088 0 P 0
L 128.60015936 66.62936128 128.60015936 67.02936048 0 P 0
L 128.92499996 76.57500052 129.32499916 76.57500052 0 P 0
L 129.12499956 76.37500092 129.12499956 76.77500012 0 P 0
L 129.50000008 44.97500022 129.89999928 44.97500022 0 P 0
L 129.69999968 20.6794989 130.09999888 20.6794989 0 P 0
L 129.69999968 44.77500062 129.69999968 45.17499982 0 P 0
L 129.8750006 66.8749996 130.2749998 66.8749996 0 P 0
L 129.89999928 20.4794993 129.89999928 20.8794985 0 P 0
L 130.0750002 66.675 130.0750002 67.0749992 0 P 0
L 130.175 76.1000002 130.5749992 76.1000002 0 P 0
L 130.25000112 13.82400842 131.14999932 13.82400842 0 P 0
L 130.25000112 16.36400842 131.14999932 16.36400842 0 P 0
L 130.3249997 50.2500011 130.7249989 50.2500011 0 P 0
L 130.3749996 75.9000006 130.3749996 76.2999998 0 P 0
L 130.5249993 50.0500015 130.5249993 50.4500007 0 P 0
L 130.54187506 8.14999894 130.94187426 8.14999894 0 P 0
L 130.62500164 6.2000003 131.02500084 6.2000003 0 P 0
L 130.70000022 13.37400932 130.70000022 14.27400752 0 P 0
L 130.70000022 15.91400932 130.70000022 16.81400752 0 P 0
L 130.74187466 7.94999934 130.74187466 8.34999854 0 P 0
L 130.82500124 6.0000007 130.82500124 6.3999999 0 P 0
L 131.07500074 44.97500022 131.47499994 44.97500022 0 P 0
L 131.27500034 44.77500062 131.27500034 45.17499982 0 P 0
L 131.37500014 20.6794989 131.77499934 20.6794989 0 P 0
L 131.47499994 43.42500078 131.87499914 43.42500078 0 P 0
L 131.55000106 67.0749992 131.95000026 67.0749992 0 P 0
L 131.57499974 20.4794993 131.57499974 20.8794985 0 P 0
L 131.67499954 43.22500118 131.67499954 43.62500038 0 P 0
L 131.75000066 66.8749996 131.75000066 67.2749988 0 P 0
L 132.37877766 29.09996466 132.77877686 29.09996466 0 P 0
L 132.37877766 37.14804356 132.77877686 37.14804356 0 P 0
L 132.37877766 46.29996582 132.77877686 46.29996582 0 P 0
L 132.37877766 54.34804472 132.77877686 54.34804472 0 P 0
L 132.37877766 63.50000254 132.77877686 63.50000254 0 P 0
L 132.39208472 71.25550392 132.79208392 71.25550392 0 P 0
L 132.57877726 28.89996506 132.57877726 29.29996426 0 P 0
L 132.57877726 36.94804396 132.57877726 37.34804316 0 P 0
L 132.57877726 46.09996622 132.57877726 46.49996542 0 P 0
L 132.57877726 54.14804512 132.57877726 54.54804432 0 P 0
L 132.57877726 63.30000294 132.57877726 63.70000214 0 P 0
L 132.59208432 71.05550432 132.59208432 71.45550352 0 P 0
L 133.3999999 9.62400666 135.1999963 9.62400666 0 P 0
L 133.3999999 13.82400842 135.1999963 13.82400842 0 P 0
L 133.3999999 18.02400764 135.1999963 18.02400764 0 P 0
L 133.3999999 26.82400274 135.1999963 26.82400274 0 P 0
L 133.3999999 31.0240045 135.1999963 31.0240045 0 P 0
L 133.3999999 35.22400372 135.1999963 35.22400372 0 P 0
L 133.3999999 44.0240039 135.1999963 44.0240039 0 P 0
L 133.3999999 48.22400566 135.1999963 48.22400566 0 P 0
L 133.3999999 52.42400488 135.1999963 52.42400488 0 P 0
L 133.3999999 61.22404062 135.1999963 61.22404062 0 P 0
L 133.3999999 65.42404238 135.1999963 65.42404238 0 P 0
L 133.3999999 69.6240416 135.1999963 69.6240416 0 P 0
L 134.2999981 8.72400846 134.2999981 10.52400486 0 P 0
L 134.2999981 12.92401022 134.2999981 14.72400662 0 P 0
L 134.2999981 17.12400944 134.2999981 18.92400584 0 P 0
L 134.2999981 25.92400454 134.2999981 27.72400094 0 P 0
L 134.2999981 30.1240063 134.2999981 31.9240027 0 P 0
L 134.2999981 34.32400552 134.2999981 36.12400192 0 P 0
L 134.2999981 43.1240057 134.2999981 44.9240021 0 P 0
L 134.2999981 47.32400746 134.2999981 49.12400386 0 P 0
L 134.2999981 51.52400668 134.2999981 53.32400308 0 P 0
L 134.2999981 60.32404242 134.2999981 62.12403882 0 P 0
L 134.2999981 64.52404418 134.2999981 66.32404058 0 P 0
L 134.2999981 68.7240434 134.2999981 70.5240398 0 P 0
L 135.80000018 57.649999 136.19999938 57.649999 0 P 0
L 135.99999978 57.4499994 135.99999978 57.8499986 0 P 0
L 137.22856476 1.12500156 137.62856396 1.12500156 0 P 0
L 137.35595592 4.6240065 137.75595512 4.6240065 0 P 0
L 137.42856436 0.92500196 137.42856436 1.32500116 0 P 0
L 137.55595552 4.4240069 137.55595552 4.8240061 0 P 0
L 137.59999912 9.62400666 139.39999552 9.62400666 0 P 0
L 137.59999912 13.82400842 139.39999552 13.82400842 0 P 0
L 137.59999912 18.02400764 139.39999552 18.02400764 0 P 0
L 137.59999912 26.82400274 139.39999552 26.82400274 0 P 0
L 137.59999912 31.0240045 139.39999552 31.0240045 0 P 0
L 137.59999912 35.22400372 139.39999552 35.22400372 0 P 0
L 137.59999912 44.0240039 139.39999552 44.0240039 0 P 0
L 137.59999912 48.22400566 139.39999552 48.22400566 0 P 0
L 137.59999912 52.42400488 139.39999552 52.42400488 0 P 0
L 137.59999912 61.22404062 139.39999552 61.22404062 0 P 0
L 137.59999912 65.42404238 139.39999552 65.42404238 0 P 0
L 137.59999912 69.6240416 139.39999552 69.6240416 0 P 0
L 138.49999732 8.72400846 138.49999732 10.52400486 0 P 0
L 138.49999732 12.92401022 138.49999732 14.72400662 0 P 0
L 138.49999732 17.12400944 138.49999732 18.92400584 0 P 0
L 138.49999732 25.92400454 138.49999732 27.72400094 0 P 0
L 138.49999732 30.1240063 138.49999732 31.9240027 0 P 0
L 138.49999732 34.32400552 138.49999732 36.12400192 0 P 0
L 138.49999732 43.1240057 138.49999732 44.9240021 0 P 0
L 138.49999732 47.32400746 138.49999732 49.12400386 0 P 0
L 138.49999732 51.52400668 138.49999732 53.32400308 0 P 0
L 138.49999732 60.32404242 138.49999732 62.12403882 0 P 0
L 138.49999732 64.52404418 138.49999732 66.32404058 0 P 0
L 138.49999732 68.7240434 138.49999732 70.5240398 0 P 0
L 144.29999842 9.62400666 147.2999975 9.62400666 0 P 0
L 144.29999842 18.02400764 147.2999975 18.02400764 0 P 0
L 144.29999842 26.82400274 147.2999975 26.82400274 0 P 0
L 144.29999842 35.22400372 147.2999975 35.22400372 0 P 0
L 144.29999842 44.0240039 147.2999975 44.0240039 0 P 0
L 144.29999842 52.42400488 147.2999975 52.42400488 0 P 0
L 144.29999842 61.22404062 147.2999975 61.22404062 0 P 0
L 144.29999842 69.6240416 147.2999975 69.6240416 0 P 0
L 145.02500078 22.0750003 145.42499998 22.0750003 0 P 0
L 145.22500038 21.8750007 145.22500038 22.2749999 0 P 0
L 145.79999796 8.12400712 145.79999796 11.1240062 0 P 0
L 145.79999796 16.5240081 145.79999796 19.52400718 0 P 0
L 145.79999796 25.3240032 145.79999796 28.32400228 0 P 0
L 145.79999796 33.72400418 145.79999796 36.72400326 0 P 0
L 145.79999796 42.52400436 145.79999796 45.52400344 0 P 0
L 145.79999796 50.92400534 145.79999796 53.92400442 0 P 0
L 145.79999796 59.72404108 145.79999796 62.72404016 0 P 0
L 145.79999796 68.12404206 145.79999796 71.12404114 0 P 0
L 146.02500132 22.0750003 146.42500052 22.0750003 0 P 0
L 146.22500092 21.8750007 146.22500092 22.2749999 0 P 0
L 147.30000004 21.99999918 147.69999924 21.99999918 0 P 0
L 147.49999964 21.79999958 147.49999964 22.19999878 0 P 0
L 147.77480732 3.12497724 150.7748064 3.12497724 0 P 0
L 147.77502322 76.3748028 150.7750223 76.3748028 0 P 0
L 148.14440018 7.60000258 148.85560018 7.60000258 0 P 0
L 148.14440018 9.62400666 148.85560018 9.62400666 0 P 0
L 148.14440018 11.64801074 148.85560018 11.64801074 0 P 0
L 148.14440018 24.79999866 148.85560018 24.79999866 0 P 0
L 148.14440018 26.82400274 148.85560018 26.82400274 0 P 0
L 148.14440018 28.84800682 148.85560018 28.84800682 0 P 0
L 148.14440018 41.99999982 148.85560018 41.99999982 0 P 0
L 148.14440018 44.0240039 148.85560018 44.0240039 0 P 0
L 148.14440018 46.04800798 148.85560018 46.04800798 0 P 0
L 148.14440018 59.20003654 148.85560018 59.20003654 0 P 0
L 148.14440018 61.22404062 148.85560018 61.22404062 0 P 0
L 148.14440018 63.2480447 148.85560018 63.2480447 0 P 0
L 148.50000018 7.24440258 148.50000018 7.95560258 0 P 0
L 148.50000018 9.26840666 148.50000018 9.97960666 0 P 0
L 148.50000018 11.29241074 148.50000018 12.00361074 0 P 0
L 148.50000018 24.44439866 148.50000018 25.15559866 0 P 0
L 148.50000018 26.46840274 148.50000018 27.17960274 0 P 0
L 148.50000018 28.49240682 148.50000018 29.20360682 0 P 0
L 148.50000018 41.64439982 148.50000018 42.35559982 0 P 0
L 148.50000018 43.6684039 148.50000018 44.3796039 0 P 0
L 148.50000018 45.69240798 148.50000018 46.40360798 0 P 0
L 148.50000018 58.84443654 148.50000018 59.55563654 0 P 0
L 148.50000018 60.86844062 148.50000018 61.57964062 0 P 0
L 148.50000018 62.8924447 148.50000018 63.6036447 0 P 0
L 149.27480686 1.6249777 149.27480686 4.62497678 0 P 0
L 149.27502276 74.87480326 149.27502276 77.87480234 0 P 0
L 149.94439912 7.60000258 150.65559912 7.60000258 0 P 0
L 149.94439912 9.62400666 150.65559912 9.62400666 0 P 0
L 149.94439912 11.64801074 150.65559912 11.64801074 0 P 0
L 149.94439912 24.79999866 150.65559912 24.79999866 0 P 0
L 149.94439912 26.82400274 150.65559912 26.82400274 0 P 0
L 149.94439912 28.84800682 150.65559912 28.84800682 0 P 0
L 149.94439912 41.99999982 150.65559912 41.99999982 0 P 0
L 149.94439912 44.0240039 150.65559912 44.0240039 0 P 0
L 149.94439912 46.04800798 150.65559912 46.04800798 0 P 0
L 149.94439912 59.20003654 150.65559912 59.20003654 0 P 0
L 149.94439912 61.22404062 150.65559912 61.22404062 0 P 0
L 149.94439912 63.2480447 150.65559912 63.2480447 0 P 0
L 150.29999912 7.24440258 150.29999912 7.95560258 0 P 0
L 150.29999912 9.26840666 150.29999912 9.97960666 0 P 0
L 150.29999912 11.29241074 150.29999912 12.00361074 0 P 0
L 150.29999912 24.44439866 150.29999912 25.15559866 0 P 0
L 150.29999912 26.46840274 150.29999912 27.17960274 0 P 0
L 150.29999912 28.49240682 150.29999912 29.20360682 0 P 0
L 150.29999912 41.64439982 150.29999912 42.35559982 0 P 0
L 150.29999912 43.6684039 150.29999912 44.3796039 0 P 0
L 150.29999912 45.69240798 150.29999912 46.40360798 0 P 0
L 150.29999912 58.84443654 150.29999912 59.55563654 0 P 0
L 150.29999912 60.86844062 150.29999912 61.57964062 0 P 0
L 150.29999912 62.8924447 150.29999912 63.6036447 0 P 0
